390 30
410 30
970 30
990 30
1010 30
130 50
150 50
250 50
270 50
370 50
390 50
410 50
430 50
450 50
470 50
490 50
510 50
630 50
650 50
670 50
690 50
710 50
730 50
790 50
810 50
830 50
850 50
950 50
970 50
990 50
1010 50
1030 50
1130 50
1150 50
1170 50
1190 50
1210 50
1230 50
110 70
130 70
150 70
250 70
270 70
290 70
370 70
390 70
410 70
430 70
450 70
470 70
490 70
510 70
530 70
590 70
610 70
630 70
650 70
670 70
690 70
710 70
730 70
750 70
770 70
790 70
810 70
830 70
850 70
950 70
970 70
990 70
1010 70
1030 70
1110 70
1130 70
1150 70
1170 70
1190 70
1210 70
1230 70
90 90
110 90
130 90
150 90
250 90
270 90
290 90
310 90
330 90
350 90
370 90
390 90
410 90
430 90
450 90
470 90
490 90
510 90
530 90
550 90
570 90
590 90
610 90
630 90
650 90
670 90
690 90
710 90
730 90
750 90
770 90
790 90
810 90
830 90
850 90
970 90
990 90
1010 90
1030 90
1130 90
1150 90
1170 90
1190 90
1210 90
1230 90
90 110
110 110
130 110
150 110
270 110
290 110
310 110
330 110
350 110
370 110
430 110
450 110
470 110
490 110
510 110
530 110
550 110
570 110
590 110
610 110
630 110
650 110
670 110
690 110
710 110
730 110
750 110
770 110
790 110
810 110
830 110
850 110
950 110
970 110
990 110
1010 110
1030 110
1050 110
1130 110
1150 110
1170 110
1190 110
1210 110
1230 110
70 130
90 130
110 130
130 130
150 130
270 130
290 130
310 130
330 130
350 130
430 130
450 130
470 130
490 130
510 130
530 130
550 130
570 130
590 130
610 130
630 130
650 130
670 130
690 130
710 130
730 130
750 130
770 130
790 130
810 130
830 130
850 130
870 130
890 130
910 130
930 130
950 130
970 130
990 130
1010 130
1030 130
1050 130
1070 130
1090 130
1110 130
1130 130
1150 130
1170 130
1190 130
1210 130
1230 130
50 150
70 150
90 150
110 150
130 150
150 150
250 150
270 150
290 150
310 150
330 150
350 150
370 150
390 150
410 150
430 150
450 150
470 150
490 150
510 150
530 150
550 150
570 150
590 150
610 150
630 150
650 150
670 150
690 150
710 150
730 150
750 150
770 150
790 150
810 150
830 150
850 150
870 150
890 150
910 150
930 150
950 150
970 150
990 150
1010 150
1030 150
1050 150
1070 150
1090 150
1110 150
1130 150
1150 150
1170 150
1190 150
1210 150
1230 150
50 170
70 170
90 170
110 170
130 170
230 170
250 170
270 170
290 170
310 170
330 170
350 170
370 170
390 170
410 170
430 170
450 170
470 170
490 170
510 170
530 170
550 170
570 170
590 170
610 170
630 170
650 170
670 170
690 170
710 170
730 170
750 170
770 170
790 170
890 170
910 170
930 170
950 170
970 170
990 170
1010 170
1030 170
1050 170
1070 170
1090 170
1110 170
1130 170
1150 170
1170 170
1190 170
1210 170
1230 170
50 190
70 190
90 190
110 190
230 190
250 190
270 190
290 190
310 190
330 190
350 190
370 190
390 190
410 190
430 190
470 190
490 190
510 190
530 190
550 190
570 190
590 190
610 190
630 190
650 190
670 190
690 190
710 190
730 190
750 190
770 190
910 190
930 190
950 190
970 190
990 190
1010 190
1030 190
1050 190
1070 190
1090 190
1110 190
1130 190
1150 190
1170 190
1190 190
1210 190
1230 190
30 210
50 210
70 210
90 210
210 210
230 210
250 210
270 210
290 210
310 210
330 210
350 210
370 210
390 210
410 210
490 210
510 210
530 210
550 210
570 210
590 210
610 210
630 210
650 210
670 210
690 210
710 210
730 210
750 210
770 210
790 210
950 210
970 210
990 210
1010 210
1030 210
1050 210
1070 210
1090 210
1110 210
1130 210
1150 210
1170 210
1190 210
1210 210
1230 210
30 230
50 230
70 230
190 230
210 230
230 230
250 230
270 230
290 230
310 230
330 230
350 230
370 230
470 230
490 230
510 230
530 230
550 230
570 230
590 230
610 230
630 230
650 230
670 230
690 230
710 230
730 230
750 230
770 230
790 230
810 230
830 230
850 230
870 230
890 230
910 230
1050 230
1070 230
1090 230
1110 230
1130 230
1150 230
1170 230
1190 230
1210 230
1230 230
30 250
50 250
70 250
130 250
150 250
170 250
190 250
210 250
230 250
250 250
270 250
290 250
310 250
330 250
350 250
370 250
430 250
450 250
470 250
490 250
510 250
530 250
550 250
570 250
590 250
610 250
630 250
650 250
670 250
690 250
710 250
730 250
750 250
770 250
790 250
810 250
830 250
850 250
870 250
890 250
910 250
930 250
1090 250
1110 250
1130 250
1150 250
1170 250
1190 250
1210 250
1230 250
30 270
50 270
70 270
90 270
110 270
130 270
150 270
170 270
190 270
210 270
230 270
250 270
270 270
290 270
310 270
330 270
350 270
410 270
430 270
450 270
470 270
490 270
510 270
530 270
550 270
570 270
590 270
610 270
630 270
650 270
670 270
690 270
710 270
730 270
750 270
770 270
790 270
810 270
830 270
850 270
870 270
890 270
910 270
930 270
950 270
970 270
1150 270
1170 270
1190 270
1210 270
1230 270
30 290
50 290
70 290
90 290
110 290
130 290
150 290
170 290
190 290
210 290
230 290
250 290
270 290
290 290
310 290
330 290
390 290
410 290
430 290
450 290
470 290
490 290
510 290
530 290
550 290
570 290
590 290
610 290
630 290
650 290
670 290
690 290
770 290
790 290
810 290
830 290
850 290
870 290
890 290
910 290
930 290
950 290
970 290
990 290
1170 290
1190 290
1210 290
1230 290
1250 290
30 310
50 310
70 310
90 310
110 310
130 310
150 310
170 310
190 310
210 310
230 310
250 310
270 310
290 310
310 310
330 310
390 310
410 310
430 310
450 310
470 310
490 310
510 310
530 310
550 310
570 310
590 310
610 310
630 310
650 310
670 310
690 310
770 310
790 310
810 310
830 310
850 310
870 310
890 310
910 310
930 310
950 310
970 310
990 310
1010 310
1030 310
1190 310
1210 310
1230 310
1250 310
50 330
70 330
90 330
110 330
130 330
150 330
170 330
190 330
210 330
230 330
250 330
270 330
290 330
310 330
390 330
410 330
430 330
450 330
470 330
490 330
510 330
530 330
550 330
570 330
590 330
610 330
630 330
650 330
670 330
690 330
710 330
730 330
770 330
790 330
810 330
830 330
850 330
870 330
890 330
910 330
930 330
950 330
970 330
990 330
1010 330
1030 330
1050 330
1170 330
1190 330
1210 330
1230 330
1250 330
50 350
70 350
90 350
110 350
130 350
170 350
190 350
210 350
230 350
250 350
270 350
290 350
390 350
410 350
430 350
450 350
470 350
490 350
510 350
530 350
550 350
570 350
590 350
610 350
630 350
650 350
670 350
690 350
710 350
730 350
750 350
770 350
790 350
810 350
830 350
850 350
890 350
910 350
930 350
950 350
970 350
990 350
1010 350
1030 350
1050 350
1070 350
1150 350
1170 350
1190 350
1210 350
1230 350
1250 350
50 370
70 370
90 370
110 370
130 370
170 370
190 370
210 370
230 370
250 370
270 370
290 370
390 370
410 370
490 370
510 370
530 370
570 370
590 370
610 370
630 370
650 370
670 370
690 370
710 370
730 370
750 370
770 370
790 370
810 370
910 370
930 370
950 370
970 370
990 370
1010 370
1030 370
1050 370
1070 370
1130 370
1150 370
1170 370
1190 370
1210 370
1230 370
50 390
70 390
90 390
110 390
130 390
150 390
170 390
190 390
210 390
230 390
250 390
270 390
290 390
370 390
390 390
470 390
490 390
510 390
590 390
610 390
630 390
650 390
670 390
730 390
750 390
770 390
790 390
890 390
910 390
930 390
950 390
970 390
990 390
1010 390
1030 390
1050 390
1070 390
1090 390
1110 390
1130 390
1150 390
1170 390
1190 390
1210 390
1230 390
50 410
70 410
90 410
110 410
130 410
150 410
170 410
190 410
210 410
230 410
250 410
270 410
290 410
310 410
330 410
350 410
370 410
390 410
410 410
450 410
470 410
490 410
590 410
610 410
630 410
650 410
890 410
910 410
930 410
950 410
970 410
990 410
1010 410
1030 410
1050 410
1070 410
1090 410
1110 410
1130 410
1150 410
1170 410
1190 410
1210 410
1230 410
1250 410
50 430
70 430
90 430
110 430
130 430
150 430
170 430
190 430
210 430
230 430
250 430
270 430
290 430
310 430
330 430
350 430
370 430
390 430
410 430
430 430
450 430
470 430
490 430
570 430
590 430
610 430
630 430
650 430
870 430
890 430
910 430
930 430
950 430
970 430
990 430
1010 430
1030 430
1050 430
1070 430
1090 430
1110 430
1130 430
1150 430
1170 430
1190 430
1210 430
1230 430
1250 430
50 450
70 450
90 450
110 450
130 450
150 450
170 450
190 450
210 450
230 450
250 450
270 450
290 450
310 450
330 450
350 450
370 450
390 450
410 450
430 450
450 450
470 450
550 450
570 450
590 450
610 450
630 450
650 450
750 450
870 450
890 450
910 450
930 450
950 450
970 450
990 450
1010 450
1030 450
1050 450
1070 450
1090 450
1110 450
1130 450
1150 450
1170 450
1190 450
1210 450
1230 450
1250 450
50 470
70 470
90 470
110 470
130 470
150 470
170 470
190 470
210 470
230 470
250 470
270 470
290 470
310 470
330 470
350 470
370 470
390 470
410 470
430 470
450 470
470 470
550 470
570 470
590 470
610 470
630 470
650 470
730 470
750 470
770 470
850 470
870 470
890 470
910 470
930 470
950 470
970 470
990 470
1010 470
1030 470
1050 470
1070 470
1090 470
1110 470
1130 470
1150 470
1170 470
1190 470
1210 470
1230 470
1250 470
50 490
70 490
90 490
110 490
130 490
150 490
170 490
190 490
210 490
230 490
250 490
270 490
290 490
310 490
330 490
350 490
370 490
390 490
410 490
430 490
450 490
470 490
550 490
570 490
590 490
610 490
630 490
650 490
670 490
710 490
730 490
750 490
770 490
870 490
890 490
910 490
930 490
950 490
970 490
990 490
1010 490
1030 490
1050 490
1070 490
1090 490
1110 490
1130 490
1150 490
1170 490
1190 490
1210 490
1230 490
50 510
70 510
90 510
110 510
130 510
150 510
170 510
190 510
210 510
230 510
250 510
270 510
290 510
310 510
330 510
350 510
370 510
390 510
410 510
430 510
450 510
550 510
570 510
590 510
610 510
630 510
650 510
670 510
690 510
710 510
730 510
750 510
770 510
850 510
870 510
890 510
910 510
930 510
950 510
970 510
990 510
1010 510
1030 510
1050 510
1070 510
1090 510
1110 510
1130 510
1150 510
1170 510
1190 510
1210 510
1230 510
50 530
70 530
90 530
110 530
130 530
150 530
170 530
190 530
210 530
230 530
250 530
270 530
290 530
310 530
330 530
350 530
390 530
410 530
430 530
450 530
550 530
570 530
590 530
610 530
630 530
650 530
670 530
690 530
710 530
730 530
750 530
770 530
790 530
850 530
870 530
890 530
910 530
930 530
950 530
970 530
990 530
1010 530
1030 530
1050 530
1070 530
1090 530
1110 530
1150 530
1170 530
1190 530
1210 530
1230 530
30 550
50 550
70 550
90 550
110 550
130 550
150 550
170 550
190 550
210 550
230 550
250 550
270 550
290 550
310 550
330 550
350 550
390 550
410 550
430 550
450 550
470 550
550 550
570 550
590 550
610 550
630 550
650 550
670 550
690 550
710 550
730 550
750 550
770 550
790 550
810 550
830 550
850 550
870 550
890 550
910 550
930 550
950 550
970 550
990 550
1050 550
1070 550
1090 550
1170 550
1190 550
1210 550
1230 550
30 570
50 570
70 570
90 570
110 570
130 570
150 570
170 570
190 570
210 570
230 570
250 570
270 570
290 570
310 570
330 570
350 570
390 570
410 570
430 570
450 570
470 570
490 570
510 570
530 570
550 570
570 570
590 570
610 570
630 570
650 570
670 570
690 570
710 570
730 570
750 570
770 570
790 570
810 570
830 570
850 570
870 570
890 570
910 570
930 570
950 570
970 570
1070 570
1090 570
1110 570
1150 570
1170 570
1190 570
1210 570
1230 570
30 590
50 590
70 590
90 590
110 590
130 590
150 590
170 590
190 590
210 590
230 590
290 590
310 590
330 590
350 590
370 590
390 590
410 590
430 590
450 590
470 590
490 590
510 590
530 590
550 590
570 590
590 590
610 590
630 590
650 590
670 590
690 590
710 590
730 590
770 590
790 590
810 590
830 590
850 590
870 590
890 590
910 590
930 590
950 590
970 590
990 590
1050 590
1070 590
1090 590
1110 590
1130 590
1150 590
1170 590
1190 590
1210 590
1230 590
30 610
50 610
70 610
90 610
110 610
130 610
150 610
170 610
310 610
330 610
350 610
370 610
390 610
410 610
430 610
450 610
470 610
490 610
510 610
530 610
550 610
570 610
590 610
610 610
630 610
650 610
670 610
690 610
710 610
790 610
810 610
830 610
850 610
870 610
890 610
910 610
930 610
950 610
970 610
990 610
1010 610
1030 610
1050 610
1070 610
1090 610
1110 610
1130 610
1150 610
1170 610
1190 610
1210 610
1230 610
30 630
50 630
70 630
90 630
110 630
130 630
150 630
170 630
310 630
330 630
350 630
370 630
390 630
410 630
430 630
450 630
470 630
490 630
510 630
530 630
550 630
570 630
590 630
610 630
630 630
650 630
670 630
690 630
710 630
730 630
770 630
790 630
810 630
830 630
850 630
870 630
890 630
910 630
930 630
950 630
970 630
990 630
1010 630
1030 630
1050 630
1070 630
1090 630
1110 630
1130 630
1150 630
1170 630
1190 630
1210 630
1230 630
30 650
50 650
70 650
90 650
110 650
130 650
150 650
310 650
330 650
350 650
370 650
390 650
410 650
430 650
450 650
470 650
490 650
510 650
530 650
550 650
570 650
590 650
610 650
630 650
650 650
670 650
690 650
710 650
730 650
750 650
770 650
790 650
810 650
830 650
850 650
870 650
890 650
910 650
930 650
950 650
970 650
990 650
1010 650
1030 650
1050 650
1070 650
1090 650
1110 650
1130 650
1150 650
1170 650
1190 650
50 670
70 670
370 670
390 670
410 670
430 670
530 670
550 670
570 670
590 670
610 670
630 670
710 670
730 670
750 670
770 670
790 670
810 670
830 670
850 670
870 670
890 670
910 670
970 670
990 670
1010 670
1030 670
1050 670
1070 670
1090 670
1110 670
1130 670
1150 670
830 690
850 690
1010 690
1030 690
1050 690

0 1 1
0 10 1
1 0 1
1 11 1
2 3 1
2 28 1
3 2 1
3 4 1
3 29 1
4 3 1
4 30 1
5 6 1
5 39 1
6 5 1
6 40 1
7 8 1
7 41 1
8 7 1
8 42 1
9 10 1
9 44 1
10 9 1
10 11 1
10 0 1
10 45 1
11 10 1
11 12 1
11 1 1
11 46 1
12 11 1
12 13 1
12 47 1
13 12 1
13 14 1
13 48 1
14 13 1
14 15 1
14 49 1
15 14 1
15 16 1
15 50 1
16 15 1
16 51 1
17 18 1
17 55 1
18 17 1
18 19 1
18 56 1
19 18 1
19 20 1
19 57 1
20 19 1
20 21 1
20 58 1
21 20 1
21 22 1
21 59 1
22 21 1
22 60 1
23 24 1
23 63 1
24 23 1
24 25 1
24 64 1
25 24 1
25 26 1
25 65 1
26 25 1
26 66 1
27 28 1
27 67 1
28 27 1
28 29 1
28 2 1
28 68 1
29 28 1
29 30 1
29 3 1
29 69 1
30 29 1
30 31 1
30 4 1
30 70 1
31 30 1
31 71 1
32 33 1
32 73 1
33 32 1
33 34 1
33 74 1
34 33 1
34 35 1
34 75 1
35 34 1
35 36 1
35 76 1
36 35 1
36 37 1
36 77 1
37 36 1
37 78 1
38 39 1
38 80 1
39 38 1
39 40 1
39 5 1
39 81 1
40 39 1
40 6 1
40 82 1
41 42 1
41 7 1
41 83 1
42 41 1
42 43 1
42 8 1
42 84 1
43 42 1
43 85 1
44 45 1
44 9 1
44 89 1
45 44 1
45 46 1
45 10 1
45 90 1
46 45 1
46 47 1
46 11 1
46 91 1
47 46 1
47 48 1
47 12 1
47 92 1
48 47 1
48 49 1
48 13 1
48 93 1
49 48 1
49 50 1
49 14 1
49 94 1
50 49 1
50 51 1
50 15 1
50 95 1
51 50 1
51 52 1
51 16 1
51 96 1
52 51 1
52 97 1
53 54 1
53 100 1
54 53 1
54 55 1
54 101 1
55 54 1
55 56 1
55 17 1
55 102 1
56 55 1
56 57 1
56 18 1
56 103 1
57 56 1
57 58 1
57 19 1
57 104 1
58 57 1
58 59 1
58 20 1
58 105 1
59 58 1
59 60 1
59 21 1
59 106 1
60 59 1
60 61 1
60 22 1
60 107 1
61 60 1
61 62 1
61 108 1
62 61 1
62 63 1
62 109 1
63 62 1
63 64 1
63 23 1
63 110 1
64 63 1
64 65 1
64 24 1
64 111 1
65 64 1
65 66 1
65 25 1
65 112 1
66 65 1
66 26 1
66 113 1
67 68 1
67 27 1
68 67 1
68 69 1
68 28 1
68 114 1
69 68 1
69 70 1
69 29 1
69 115 1
70 69 1
70 71 1
70 30 1
70 116 1
71 70 1
71 31 1
71 117 1
72 73 1
73 72 1
73 74 1
73 32 1
73 118 1
74 73 1
74 75 1
74 33 1
74 119 1
75 74 1
75 76 1
75 34 1
75 120 1
76 75 1
76 77 1
76 35 1
76 121 1
77 76 1
77 78 1
77 36 1
77 122 1
78 77 1
78 37 1
78 123 1
79 80 1
79 124 1
80 79 1
80 81 1
80 38 1
80 125 1
81 80 1
81 82 1
81 39 1
81 126 1
82 81 1
82 40 1
82 127 1
83 84 1
83 41 1
84 83 1
84 85 1
84 42 1
84 128 1
85 84 1
85 86 1
85 43 1
85 129 1
86 85 1
86 87 1
86 130 1
87 86 1
87 88 1
87 131 1
88 87 1
88 89 1
88 132 1
89 88 1
89 90 1
89 44 1
89 133 1
90 89 1
90 91 1
90 45 1
91 90 1
91 92 1
91 46 1
92 91 1
92 93 1
92 47 1
92 134 1
93 92 1
93 94 1
93 48 1
93 135 1
94 93 1
94 95 1
94 49 1
94 136 1
95 94 1
95 96 1
95 50 1
95 137 1
96 95 1
96 97 1
96 51 1
96 138 1
97 96 1
97 98 1
97 52 1
97 139 1
98 97 1
98 99 1
98 140 1
99 98 1
99 100 1
99 141 1
100 99 1
100 101 1
100 53 1
100 142 1
101 100 1
101 102 1
101 54 1
101 143 1
102 101 1
102 103 1
102 55 1
102 144 1
103 102 1
103 104 1
103 56 1
103 145 1
104 103 1
104 105 1
104 57 1
104 146 1
105 104 1
105 106 1
105 58 1
105 147 1
106 105 1
106 107 1
106 59 1
106 148 1
107 106 1
107 108 1
107 60 1
107 149 1
108 107 1
108 109 1
108 61 1
108 150 1
109 108 1
109 110 1
109 62 1
109 151 1
110 109 1
110 111 1
110 63 1
110 152 1
111 110 1
111 112 1
111 64 1
111 153 1
112 111 1
112 113 1
112 65 1
112 154 1
113 112 1
113 66 1
113 155 1
114 115 1
114 68 1
114 157 1
115 114 1
115 116 1
115 69 1
115 158 1
116 115 1
116 117 1
116 70 1
116 159 1
117 116 1
117 71 1
117 160 1
118 119 1
118 73 1
118 162 1
119 118 1
119 120 1
119 74 1
119 163 1
120 119 1
120 121 1
120 75 1
120 164 1
121 120 1
121 122 1
121 76 1
121 165 1
122 121 1
122 123 1
122 77 1
122 166 1
123 122 1
123 78 1
123 167 1
124 125 1
124 79 1
124 169 1
125 124 1
125 126 1
125 80 1
125 170 1
126 125 1
126 127 1
126 81 1
126 171 1
127 126 1
127 82 1
127 172 1
128 129 1
128 84 1
128 173 1
129 128 1
129 130 1
129 85 1
129 174 1
130 129 1
130 131 1
130 86 1
130 175 1
131 130 1
131 132 1
131 87 1
131 176 1
132 131 1
132 133 1
132 88 1
132 177 1
133 132 1
133 89 1
134 135 1
134 92 1
134 178 1
135 134 1
135 136 1
135 93 1
135 179 1
136 135 1
136 137 1
136 94 1
136 180 1
137 136 1
137 138 1
137 95 1
137 181 1
138 137 1
138 139 1
138 96 1
138 182 1
139 138 1
139 140 1
139 97 1
139 183 1
140 139 1
140 141 1
140 98 1
140 184 1
141 140 1
141 142 1
141 99 1
141 185 1
142 141 1
142 143 1
142 100 1
142 186 1
143 142 1
143 144 1
143 101 1
143 187 1
144 143 1
144 145 1
144 102 1
144 188 1
145 144 1
145 146 1
145 103 1
145 189 1
146 145 1
146 147 1
146 104 1
146 190 1
147 146 1
147 148 1
147 105 1
147 191 1
148 147 1
148 149 1
148 106 1
148 192 1
149 148 1
149 150 1
149 107 1
149 193 1
150 149 1
150 151 1
150 108 1
150 194 1
151 150 1
151 152 1
151 109 1
151 195 1
152 151 1
152 153 1
152 110 1
152 196 1
153 152 1
153 154 1
153 111 1
153 197 1
154 153 1
154 155 1
154 112 1
154 198 1
155 154 1
155 113 1
155 199 1
156 157 1
156 204 1
157 156 1
157 158 1
157 114 1
157 205 1
158 157 1
158 159 1
158 115 1
158 206 1
159 158 1
159 160 1
159 116 1
159 207 1
160 159 1
160 161 1
160 117 1
160 208 1
161 160 1
161 209 1
162 163 1
162 118 1
162 213 1
163 162 1
163 164 1
163 119 1
163 214 1
164 163 1
164 165 1
164 120 1
164 215 1
165 164 1
165 166 1
165 121 1
165 216 1
166 165 1
166 167 1
166 122 1
166 217 1
167 166 1
167 123 1
167 218 1
168 169 1
168 220 1
169 168 1
169 170 1
169 124 1
169 221 1
170 169 1
170 171 1
170 125 1
170 222 1
171 170 1
171 172 1
171 126 1
171 223 1
172 171 1
172 127 1
172 224 1
173 174 1
173 128 1
173 226 1
174 173 1
174 175 1
174 129 1
174 227 1
175 174 1
175 176 1
175 130 1
175 228 1
176 175 1
176 177 1
176 131 1
176 229 1
177 176 1
177 132 1
177 230 1
178 179 1
178 134 1
178 234 1
179 178 1
179 180 1
179 135 1
179 235 1
180 179 1
180 181 1
180 136 1
180 236 1
181 180 1
181 182 1
181 137 1
181 237 1
182 181 1
182 183 1
182 138 1
182 238 1
183 182 1
183 184 1
183 139 1
183 239 1
184 183 1
184 185 1
184 140 1
184 240 1
185 184 1
185 186 1
185 141 1
185 241 1
186 185 1
186 187 1
186 142 1
186 242 1
187 186 1
187 188 1
187 143 1
187 243 1
188 187 1
188 189 1
188 144 1
188 244 1
189 188 1
189 190 1
189 145 1
189 245 1
190 189 1
190 191 1
190 146 1
190 246 1
191 190 1
191 192 1
191 147 1
191 247 1
192 191 1
192 193 1
192 148 1
192 248 1
193 192 1
193 194 1
193 149 1
193 249 1
194 193 1
194 195 1
194 150 1
194 250 1
195 194 1
195 196 1
195 151 1
195 251 1
196 195 1
196 197 1
196 152 1
196 252 1
197 196 1
197 198 1
197 153 1
197 253 1
198 197 1
198 199 1
198 154 1
198 254 1
199 198 1
199 200 1
199 155 1
199 255 1
200 199 1
200 201 1
200 256 1
201 200 1
201 202 1
201 257 1
202 201 1
202 203 1
202 258 1
203 202 1
203 204 1
203 259 1
204 203 1
204 205 1
204 156 1
204 260 1
205 204 1
205 206 1
205 157 1
205 261 1
206 205 1
206 207 1
206 158 1
206 262 1
207 206 1
207 208 1
207 159 1
207 263 1
208 207 1
208 209 1
208 160 1
208 264 1
209 208 1
209 210 1
209 161 1
209 265 1
210 209 1
210 211 1
210 266 1
211 210 1
211 212 1
211 267 1
212 211 1
212 213 1
212 268 1
213 212 1
213 214 1
213 162 1
213 269 1
214 213 1
214 215 1
214 163 1
214 270 1
215 214 1
215 216 1
215 164 1
215 271 1
216 215 1
216 217 1
216 165 1
216 272 1
217 216 1
217 218 1
217 166 1
217 273 1
218 217 1
218 167 1
218 274 1
219 220 1
219 275 1
220 219 1
220 221 1
220 168 1
220 276 1
221 220 1
221 222 1
221 169 1
221 277 1
222 221 1
222 223 1
222 170 1
222 278 1
223 222 1
223 224 1
223 171 1
223 279 1
224 223 1
224 172 1
225 226 1
225 281 1
226 225 1
226 227 1
226 173 1
226 282 1
227 226 1
227 228 1
227 174 1
227 283 1
228 227 1
228 229 1
228 175 1
228 284 1
229 228 1
229 230 1
229 176 1
229 285 1
230 229 1
230 231 1
230 177 1
230 286 1
231 230 1
231 232 1
231 287 1
232 231 1
232 233 1
232 288 1
233 232 1
233 234 1
233 289 1
234 233 1
234 235 1
234 178 1
234 290 1
235 234 1
235 236 1
235 179 1
235 291 1
236 235 1
236 237 1
236 180 1
236 292 1
237 236 1
237 238 1
237 181 1
237 293 1
238 237 1
238 239 1
238 182 1
238 294 1
239 238 1
239 240 1
239 183 1
239 295 1
240 239 1
240 241 1
240 184 1
240 296 1
241 240 1
241 242 1
241 185 1
241 297 1
242 241 1
242 243 1
242 186 1
242 298 1
243 242 1
243 244 1
243 187 1
243 299 1
244 243 1
244 245 1
244 188 1
244 300 1
245 244 1
245 246 1
245 189 1
245 301 1
246 245 1
246 247 1
246 190 1
246 302 1
247 246 1
247 248 1
247 191 1
247 303 1
248 247 1
248 249 1
248 192 1
248 304 1
249 248 1
249 250 1
249 193 1
249 305 1
250 249 1
250 251 1
250 194 1
250 306 1
251 250 1
251 252 1
251 195 1
251 307 1
252 251 1
252 253 1
252 196 1
252 308 1
253 252 1
253 254 1
253 197 1
254 253 1
254 255 1
254 198 1
255 254 1
255 256 1
255 199 1
256 255 1
256 257 1
256 200 1
257 256 1
257 258 1
257 201 1
257 309 1
258 257 1
258 259 1
258 202 1
258 310 1
259 258 1
259 260 1
259 203 1
259 311 1
260 259 1
260 261 1
260 204 1
260 312 1
261 260 1
261 262 1
261 205 1
261 313 1
262 261 1
262 263 1
262 206 1
262 314 1
263 262 1
263 264 1
263 207 1
263 315 1
264 263 1
264 265 1
264 208 1
264 316 1
265 264 1
265 266 1
265 209 1
265 317 1
266 265 1
266 267 1
266 210 1
266 318 1
267 266 1
267 268 1
267 211 1
267 319 1
268 267 1
268 269 1
268 212 1
268 320 1
269 268 1
269 270 1
269 213 1
269 321 1
270 269 1
270 271 1
270 214 1
270 322 1
271 270 1
271 272 1
271 215 1
271 323 1
272 271 1
272 273 1
272 216 1
272 324 1
273 272 1
273 274 1
273 217 1
273 325 1
274 273 1
274 218 1
274 326 1
275 276 1
275 219 1
275 327 1
276 275 1
276 277 1
276 220 1
276 328 1
277 276 1
277 278 1
277 221 1
277 329 1
278 277 1
278 279 1
278 222 1
278 330 1
279 278 1
279 223 1
280 281 1
280 331 1
281 280 1
281 282 1
281 225 1
281 332 1
282 281 1
282 283 1
282 226 1
282 333 1
283 282 1
283 284 1
283 227 1
283 334 1
284 283 1
284 285 1
284 228 1
284 335 1
285 284 1
285 286 1
285 229 1
285 336 1
286 285 1
286 287 1
286 230 1
286 337 1
287 286 1
287 288 1
287 231 1
287 338 1
288 287 1
288 289 1
288 232 1
288 339 1
289 288 1
289 290 1
289 233 1
289 340 1
290 289 1
290 291 1
290 234 1
290 341 1
291 290 1
291 292 1
291 235 1
292 291 1
292 293 1
292 236 1
292 342 1
293 292 1
293 294 1
293 237 1
293 343 1
294 293 1
294 295 1
294 238 1
294 344 1
295 294 1
295 296 1
295 239 1
295 345 1
296 295 1
296 297 1
296 240 1
296 346 1
297 296 1
297 298 1
297 241 1
297 347 1
298 297 1
298 299 1
298 242 1
298 348 1
299 298 1
299 300 1
299 243 1
299 349 1
300 299 1
300 301 1
300 244 1
300 350 1
301 300 1
301 302 1
301 245 1
301 351 1
302 301 1
302 303 1
302 246 1
302 352 1
303 302 1
303 304 1
303 247 1
303 353 1
304 303 1
304 305 1
304 248 1
304 354 1
305 304 1
305 306 1
305 249 1
305 355 1
306 305 1
306 307 1
306 250 1
306 356 1
307 306 1
307 308 1
307 251 1
307 357 1
308 307 1
308 252 1
309 310 1
309 257 1
310 309 1
310 311 1
310 258 1
310 358 1
311 310 1
311 312 1
311 259 1
311 359 1
312 311 1
312 313 1
312 260 1
312 360 1
313 312 1
313 314 1
313 261 1
313 361 1
314 313 1
314 315 1
314 262 1
314 362 1
315 314 1
315 316 1
315 263 1
315 363 1
316 315 1
316 317 1
316 264 1
316 364 1
317 316 1
317 318 1
317 265 1
317 365 1
318 317 1
318 319 1
318 266 1
318 366 1
319 318 1
319 320 1
319 267 1
319 367 1
320 319 1
320 321 1
320 268 1
320 368 1
321 320 1
321 322 1
321 269 1
321 369 1
322 321 1
322 323 1
322 270 1
322 370 1
323 322 1
323 324 1
323 271 1
323 371 1
324 323 1
324 325 1
324 272 1
324 372 1
325 324 1
325 326 1
325 273 1
325 373 1
326 325 1
326 274 1
326 374 1
327 328 1
327 275 1
327 376 1
328 327 1
328 329 1
328 276 1
328 377 1
329 328 1
329 330 1
329 277 1
329 378 1
330 329 1
330 278 1
331 332 1
331 280 1
331 380 1
332 331 1
332 333 1
332 281 1
332 381 1
333 332 1
333 334 1
333 282 1
333 382 1
334 333 1
334 335 1
334 283 1
334 383 1
335 334 1
335 336 1
335 284 1
335 384 1
336 335 1
336 337 1
336 285 1
336 385 1
337 336 1
337 338 1
337 286 1
337 386 1
338 337 1
338 339 1
338 287 1
338 387 1
339 338 1
339 340 1
339 288 1
339 388 1
340 339 1
340 341 1
340 289 1
340 389 1
341 340 1
341 290 1
342 343 1
342 292 1
343 342 1
343 344 1
343 293 1
343 390 1
344 343 1
344 345 1
344 294 1
344 391 1
345 344 1
345 346 1
345 295 1
345 392 1
346 345 1
346 347 1
346 296 1
346 393 1
347 346 1
347 348 1
347 297 1
347 394 1
348 347 1
348 349 1
348 298 1
348 395 1
349 348 1
349 350 1
349 299 1
349 396 1
350 349 1
350 351 1
350 300 1
350 397 1
351 350 1
351 352 1
351 301 1
351 398 1
352 351 1
352 353 1
352 302 1
352 399 1
353 352 1
353 354 1
353 303 1
353 400 1
354 353 1
354 355 1
354 304 1
354 401 1
355 354 1
355 356 1
355 305 1
355 402 1
356 355 1
356 357 1
356 306 1
356 403 1
357 356 1
357 307 1
357 404 1
358 359 1
358 310 1
359 358 1
359 360 1
359 311 1
360 359 1
360 361 1
360 312 1
360 406 1
361 360 1
361 362 1
361 313 1
361 407 1
362 361 1
362 363 1
362 314 1
362 408 1
363 362 1
363 364 1
363 315 1
363 409 1
364 363 1
364 365 1
364 316 1
364 410 1
365 364 1
365 366 1
365 317 1
365 411 1
366 365 1
366 367 1
366 318 1
366 412 1
367 366 1
367 368 1
367 319 1
367 413 1
368 367 1
368 369 1
368 320 1
368 414 1
369 368 1
369 370 1
369 321 1
369 415 1
370 369 1
370 371 1
370 322 1
370 416 1
371 370 1
371 372 1
371 323 1
371 417 1
372 371 1
372 373 1
372 324 1
372 418 1
373 372 1
373 374 1
373 325 1
373 419 1
374 373 1
374 326 1
374 420 1
375 376 1
375 421 1
376 375 1
376 377 1
376 327 1
376 422 1
377 376 1
377 378 1
377 328 1
377 423 1
378 377 1
378 329 1
379 380 1
379 425 1
380 379 1
380 381 1
380 331 1
380 426 1
381 380 1
381 382 1
381 332 1
381 427 1
382 381 1
382 383 1
382 333 1
382 428 1
383 382 1
383 384 1
383 334 1
383 429 1
384 383 1
384 385 1
384 335 1
384 430 1
385 384 1
385 386 1
385 336 1
385 431 1
386 385 1
386 387 1
386 337 1
386 432 1
387 386 1
387 388 1
387 338 1
387 433 1
388 387 1
388 389 1
388 339 1
389 388 1
389 340 1
390 391 1
390 343 1
390 435 1
391 390 1
391 392 1
391 344 1
391 436 1
392 391 1
392 393 1
392 345 1
392 437 1
393 392 1
393 394 1
393 346 1
393 438 1
394 393 1
394 395 1
394 347 1
394 439 1
395 394 1
395 396 1
395 348 1
395 440 1
396 395 1
396 397 1
396 349 1
396 441 1
397 396 1
397 398 1
397 350 1
397 442 1
398 397 1
398 399 1
398 351 1
398 443 1
399 398 1
399 400 1
399 352 1
399 444 1
400 399 1
400 401 1
400 353 1
400 445 1
401 400 1
401 402 1
401 354 1
401 446 1
402 401 1
402 403 1
402 355 1
402 447 1
403 402 1
403 404 1
403 356 1
403 448 1
404 403 1
404 405 1
404 357 1
404 449 1
405 404 1
405 450 1
406 407 1
406 360 1
407 406 1
407 408 1
407 361 1
408 407 1
408 409 1
408 362 1
409 408 1
409 410 1
409 363 1
410 409 1
410 411 1
410 364 1
411 410 1
411 412 1
411 365 1
411 457 1
412 411 1
412 413 1
412 366 1
412 458 1
413 412 1
413 414 1
413 367 1
413 459 1
414 413 1
414 415 1
414 368 1
414 460 1
415 414 1
415 416 1
415 369 1
415 461 1
416 415 1
416 417 1
416 370 1
416 462 1
417 416 1
417 418 1
417 371 1
417 463 1
418 417 1
418 419 1
418 372 1
418 464 1
419 418 1
419 420 1
419 373 1
419 465 1
420 419 1
420 374 1
420 466 1
421 422 1
421 375 1
421 467 1
422 421 1
422 423 1
422 376 1
422 468 1
423 422 1
423 377 1
423 469 1
424 425 1
424 473 1
425 424 1
425 426 1
425 379 1
425 474 1
426 425 1
426 427 1
426 380 1
426 475 1
427 426 1
427 428 1
427 381 1
427 476 1
428 427 1
428 429 1
428 382 1
428 477 1
429 428 1
429 430 1
429 383 1
429 478 1
430 429 1
430 431 1
430 384 1
430 479 1
431 430 1
431 432 1
431 385 1
431 480 1
432 431 1
432 433 1
432 386 1
432 481 1
433 432 1
433 387 1
433 482 1
434 435 1
434 485 1
435 434 1
435 436 1
435 390 1
435 486 1
436 435 1
436 437 1
436 391 1
436 487 1
437 436 1
437 438 1
437 392 1
437 488 1
438 437 1
438 439 1
438 393 1
438 489 1
439 438 1
439 440 1
439 394 1
439 490 1
440 439 1
440 441 1
440 395 1
440 491 1
441 440 1
441 442 1
441 396 1
441 492 1
442 441 1
442 443 1
442 397 1
442 493 1
443 442 1
443 444 1
443 398 1
443 494 1
444 443 1
444 445 1
444 399 1
444 495 1
445 444 1
445 446 1
445 400 1
445 496 1
446 445 1
446 447 1
446 401 1
446 497 1
447 446 1
447 448 1
447 402 1
447 498 1
448 447 1
448 449 1
448 403 1
448 499 1
449 448 1
449 450 1
449 404 1
449 500 1
450 449 1
450 451 1
450 405 1
450 501 1
451 450 1
451 452 1
451 502 1
452 451 1
452 453 1
452 503 1
453 452 1
453 454 1
453 504 1
454 453 1
454 455 1
454 505 1
455 454 1
455 456 1
455 506 1
456 455 1
456 507 1
457 458 1
457 411 1
458 457 1
458 459 1
458 412 1
459 458 1
459 460 1
459 413 1
459 509 1
460 459 1
460 461 1
460 414 1
460 510 1
461 460 1
461 462 1
461 415 1
461 511 1
462 461 1
462 463 1
462 416 1
462 512 1
463 462 1
463 464 1
463 417 1
463 513 1
464 463 1
464 465 1
464 418 1
464 514 1
465 464 1
465 466 1
465 419 1
465 515 1
466 465 1
466 420 1
466 516 1
467 468 1
467 421 1
467 517 1
468 467 1
468 469 1
468 422 1
468 518 1
469 468 1
469 423 1
469 519 1
470 471 1
470 522 1
471 470 1
471 472 1
471 523 1
472 471 1
472 473 1
472 524 1
473 472 1
473 474 1
473 424 1
473 525 1
474 473 1
474 475 1
474 425 1
474 526 1
475 474 1
475 476 1
475 426 1
475 527 1
476 475 1
476 477 1
476 427 1
476 528 1
477 476 1
477 478 1
477 428 1
477 529 1
478 477 1
478 479 1
478 429 1
478 530 1
479 478 1
479 480 1
479 430 1
479 531 1
480 479 1
480 481 1
480 431 1
480 532 1
481 480 1
481 482 1
481 432 1
481 533 1
482 481 1
482 433 1
483 484 1
483 535 1
484 483 1
484 485 1
484 536 1
485 484 1
485 486 1
485 434 1
485 537 1
486 485 1
486 487 1
486 435 1
486 538 1
487 486 1
487 488 1
487 436 1
487 539 1
488 487 1
488 489 1
488 437 1
488 540 1
489 488 1
489 490 1
489 438 1
489 541 1
490 489 1
490 491 1
490 439 1
490 542 1
491 490 1
491 492 1
491 440 1
491 543 1
492 491 1
492 493 1
492 441 1
492 544 1
493 492 1
493 494 1
493 442 1
493 545 1
494 493 1
494 495 1
494 443 1
494 546 1
495 494 1
495 496 1
495 444 1
495 547 1
496 495 1
496 497 1
496 445 1
496 548 1
497 496 1
497 498 1
497 446 1
497 549 1
498 497 1
498 499 1
498 447 1
498 550 1
499 498 1
499 500 1
499 448 1
499 551 1
500 499 1
500 501 1
500 449 1
500 552 1
501 500 1
501 502 1
501 450 1
501 553 1
502 501 1
502 503 1
502 451 1
502 554 1
503 502 1
503 504 1
503 452 1
503 555 1
504 503 1
504 505 1
504 453 1
504 556 1
505 504 1
505 506 1
505 454 1
505 557 1
506 505 1
506 507 1
506 455 1
506 558 1
507 506 1
507 508 1
507 456 1
507 559 1
508 507 1
508 560 1
509 510 1
509 459 1
510 509 1
510 511 1
510 460 1
511 510 1
511 512 1
511 461 1
512 511 1
512 513 1
512 462 1
512 563 1
513 512 1
513 514 1
513 463 1
513 564 1
514 513 1
514 515 1
514 464 1
514 565 1
515 514 1
515 516 1
515 465 1
515 566 1
516 515 1
516 466 1
516 567 1
517 518 1
517 467 1
517 568 1
518 517 1
518 519 1
518 468 1
518 569 1
519 518 1
519 520 1
519 469 1
519 570 1
520 519 1
520 521 1
520 571 1
521 520 1
521 522 1
521 572 1
522 521 1
522 523 1
522 470 1
522 573 1
523 522 1
523 524 1
523 471 1
523 574 1
524 523 1
524 525 1
524 472 1
524 575 1
525 524 1
525 526 1
525 473 1
525 576 1
526 525 1
526 527 1
526 474 1
526 577 1
527 526 1
527 528 1
527 475 1
527 578 1
528 527 1
528 529 1
528 476 1
528 579 1
529 528 1
529 530 1
529 477 1
529 580 1
530 529 1
530 531 1
530 478 1
530 581 1
531 530 1
531 532 1
531 479 1
531 582 1
532 531 1
532 533 1
532 480 1
532 583 1
533 532 1
533 481 1
534 535 1
534 585 1
535 534 1
535 536 1
535 483 1
535 586 1
536 535 1
536 537 1
536 484 1
536 587 1
537 536 1
537 538 1
537 485 1
537 588 1
538 537 1
538 539 1
538 486 1
538 589 1
539 538 1
539 540 1
539 487 1
539 590 1
540 539 1
540 541 1
540 488 1
540 591 1
541 540 1
541 542 1
541 489 1
541 592 1
542 541 1
542 543 1
542 490 1
542 593 1
543 542 1
543 544 1
543 491 1
543 594 1
544 543 1
544 545 1
544 492 1
544 595 1
545 544 1
545 546 1
545 493 1
545 596 1
546 545 1
546 547 1
546 494 1
546 597 1
547 546 1
547 548 1
547 495 1
547 598 1
548 547 1
548 549 1
548 496 1
548 599 1
549 548 1
549 550 1
549 497 1
550 549 1
550 551 1
550 498 1
551 550 1
551 552 1
551 499 1
552 551 1
552 553 1
552 500 1
552 600 1
553 552 1
553 554 1
553 501 1
553 601 1
554 553 1
554 555 1
554 502 1
554 602 1
555 554 1
555 556 1
555 503 1
555 603 1
556 555 1
556 557 1
556 504 1
556 604 1
557 556 1
557 558 1
557 505 1
557 605 1
558 557 1
558 559 1
558 506 1
558 606 1
559 558 1
559 560 1
559 507 1
559 607 1
560 559 1
560 561 1
560 508 1
560 608 1
561 560 1
561 562 1
561 609 1
562 561 1
562 610 1
563 564 1
563 512 1
564 563 1
564 565 1
564 513 1
564 612 1
565 564 1
565 566 1
565 514 1
565 613 1
566 565 1
566 567 1
566 515 1
566 614 1
567 566 1
567 516 1
567 615 1
568 569 1
568 517 1
568 617 1
569 568 1
569 570 1
569 518 1
569 618 1
570 569 1
570 571 1
570 519 1
570 619 1
571 570 1
571 572 1
571 520 1
571 620 1
572 571 1
572 573 1
572 521 1
572 621 1
573 572 1
573 574 1
573 522 1
573 622 1
574 573 1
574 575 1
574 523 1
574 623 1
575 574 1
575 576 1
575 524 1
575 624 1
576 575 1
576 577 1
576 525 1
576 625 1
577 576 1
577 578 1
577 526 1
577 626 1
578 577 1
578 579 1
578 527 1
578 627 1
579 578 1
579 580 1
579 528 1
579 628 1
580 579 1
580 581 1
580 529 1
580 629 1
581 580 1
581 582 1
581 530 1
581 630 1
582 581 1
582 583 1
582 531 1
582 631 1
583 582 1
583 532 1
583 632 1
584 585 1
584 633 1
585 584 1
585 586 1
585 534 1
585 634 1
586 585 1
586 587 1
586 535 1
586 635 1
587 586 1
587 588 1
587 536 1
587 636 1
588 587 1
588 589 1
588 537 1
588 637 1
589 588 1
589 590 1
589 538 1
589 638 1
590 589 1
590 591 1
590 539 1
590 639 1
591 590 1
591 592 1
591 540 1
591 640 1
592 591 1
592 593 1
592 541 1
592 641 1
593 592 1
593 594 1
593 542 1
593 642 1
594 593 1
594 595 1
594 543 1
594 643 1
595 594 1
595 596 1
595 544 1
595 644 1
596 595 1
596 597 1
596 545 1
596 645 1
597 596 1
597 598 1
597 546 1
597 646 1
598 597 1
598 599 1
598 547 1
598 647 1
599 598 1
599 548 1
599 648 1
600 601 1
600 552 1
600 649 1
601 600 1
601 602 1
601 553 1
601 650 1
602 601 1
602 603 1
602 554 1
602 651 1
603 602 1
603 604 1
603 555 1
603 652 1
604 603 1
604 605 1
604 556 1
604 653 1
605 604 1
605 606 1
605 557 1
605 654 1
606 605 1
606 607 1
606 558 1
606 655 1
607 606 1
607 608 1
607 559 1
607 656 1
608 607 1
608 609 1
608 560 1
608 657 1
609 608 1
609 610 1
609 561 1
609 658 1
610 609 1
610 611 1
610 562 1
610 659 1
611 610 1
611 660 1
612 613 1
612 564 1
613 612 1
613 614 1
613 565 1
613 663 1
614 613 1
614 615 1
614 566 1
614 664 1
615 614 1
615 616 1
615 567 1
615 665 1
616 615 1
616 666 1
617 618 1
617 568 1
618 617 1
618 619 1
618 569 1
618 667 1
619 618 1
619 620 1
619 570 1
619 668 1
620 619 1
620 621 1
620 571 1
620 669 1
621 620 1
621 622 1
621 572 1
621 670 1
622 621 1
622 623 1
622 573 1
622 671 1
623 622 1
623 624 1
623 574 1
623 672 1
624 623 1
624 625 1
624 575 1
624 673 1
625 624 1
625 626 1
625 576 1
625 674 1
626 625 1
626 627 1
626 577 1
626 675 1
627 626 1
627 628 1
627 578 1
627 676 1
628 627 1
628 629 1
628 579 1
628 677 1
629 628 1
629 630 1
629 580 1
629 678 1
630 629 1
630 631 1
630 581 1
630 679 1
631 630 1
631 632 1
631 582 1
631 680 1
632 631 1
632 583 1
633 634 1
633 584 1
633 681 1
634 633 1
634 635 1
634 585 1
634 682 1
635 634 1
635 636 1
635 586 1
635 683 1
636 635 1
636 637 1
636 587 1
636 684 1
637 636 1
637 638 1
637 588 1
637 685 1
638 637 1
638 639 1
638 589 1
638 686 1
639 638 1
639 640 1
639 590 1
639 687 1
640 639 1
640 641 1
640 591 1
640 688 1
641 640 1
641 642 1
641 592 1
641 689 1
642 641 1
642 643 1
642 593 1
642 690 1
643 642 1
643 644 1
643 594 1
643 691 1
644 643 1
644 645 1
644 595 1
644 692 1
645 644 1
645 646 1
645 596 1
645 693 1
646 645 1
646 647 1
646 597 1
646 694 1
647 646 1
647 648 1
647 598 1
647 695 1
648 647 1
648 599 1
648 696 1
649 650 1
649 600 1
649 699 1
650 649 1
650 651 1
650 601 1
650 700 1
651 650 1
651 652 1
651 602 1
651 701 1
652 651 1
652 653 1
652 603 1
652 702 1
653 652 1
653 654 1
653 604 1
653 703 1
654 653 1
654 655 1
654 605 1
654 704 1
655 654 1
655 656 1
655 606 1
655 705 1
656 655 1
656 657 1
656 607 1
656 706 1
657 656 1
657 658 1
657 608 1
657 707 1
658 657 1
658 659 1
658 609 1
658 708 1
659 658 1
659 660 1
659 610 1
659 709 1
660 659 1
660 661 1
660 611 1
660 710 1
661 660 1
661 662 1
661 711 1
662 661 1
662 712 1
663 664 1
663 613 1
663 715 1
664 663 1
664 665 1
664 614 1
664 716 1
665 664 1
665 666 1
665 615 1
665 717 1
666 665 1
666 616 1
666 718 1
667 668 1
667 618 1
667 719 1
668 667 1
668 669 1
668 619 1
668 720 1
669 668 1
669 670 1
669 620 1
669 721 1
670 669 1
670 671 1
670 621 1
670 722 1
671 670 1
671 672 1
671 622 1
671 723 1
672 671 1
672 673 1
672 623 1
673 672 1
673 674 1
673 624 1
673 724 1
674 673 1
674 675 1
674 625 1
674 725 1
675 674 1
675 676 1
675 626 1
675 726 1
676 675 1
676 677 1
676 627 1
676 727 1
677 676 1
677 678 1
677 628 1
677 728 1
678 677 1
678 679 1
678 629 1
678 729 1
679 678 1
679 680 1
679 630 1
679 730 1
680 679 1
680 631 1
681 682 1
681 633 1
681 731 1
682 681 1
682 683 1
682 634 1
682 732 1
683 682 1
683 684 1
683 635 1
683 733 1
684 683 1
684 685 1
684 636 1
684 734 1
685 684 1
685 686 1
685 637 1
685 735 1
686 685 1
686 687 1
686 638 1
686 736 1
687 686 1
687 688 1
687 639 1
687 737 1
688 687 1
688 689 1
688 640 1
688 738 1
689 688 1
689 690 1
689 641 1
689 739 1
690 689 1
690 691 1
690 642 1
690 740 1
691 690 1
691 692 1
691 643 1
691 741 1
692 691 1
692 693 1
692 644 1
692 742 1
693 692 1
693 694 1
693 645 1
693 743 1
694 693 1
694 695 1
694 646 1
694 744 1
695 694 1
695 696 1
695 647 1
695 745 1
696 695 1
696 697 1
696 648 1
696 746 1
697 696 1
697 698 1
697 747 1
698 697 1
698 748 1
699 700 1
699 649 1
699 750 1
700 699 1
700 701 1
700 650 1
700 751 1
701 700 1
701 702 1
701 651 1
701 752 1
702 701 1
702 703 1
702 652 1
702 753 1
703 702 1
703 704 1
703 653 1
703 754 1
704 703 1
704 705 1
704 654 1
705 704 1
705 706 1
705 655 1
705 755 1
706 705 1
706 707 1
706 656 1
706 756 1
707 706 1
707 708 1
707 657 1
707 757 1
708 707 1
708 709 1
708 658 1
708 758 1
709 708 1
709 710 1
709 659 1
709 759 1
710 709 1
710 711 1
710 660 1
710 760 1
711 710 1
711 712 1
711 661 1
711 761 1
712 711 1
712 713 1
712 662 1
712 762 1
713 712 1
713 763 1
714 715 1
714 766 1
715 714 1
715 716 1
715 663 1
715 767 1
716 715 1
716 717 1
716 664 1
716 768 1
717 716 1
717 718 1
717 665 1
717 769 1
718 717 1
718 666 1
718 770 1
719 720 1
719 667 1
719 771 1
720 719 1
720 721 1
720 668 1
720 772 1
721 720 1
721 722 1
721 669 1
721 773 1
722 721 1
722 723 1
722 670 1
722 774 1
723 722 1
723 671 1
723 775 1
724 725 1
724 673 1
724 776 1
725 724 1
725 726 1
725 674 1
725 777 1
726 725 1
726 727 1
726 675 1
726 778 1
727 726 1
727 728 1
727 676 1
727 779 1
728 727 1
728 729 1
728 677 1
728 780 1
729 728 1
729 730 1
729 678 1
729 781 1
730 729 1
730 679 1
730 782 1
731 732 1
731 681 1
731 783 1
732 731 1
732 733 1
732 682 1
732 784 1
733 732 1
733 734 1
733 683 1
734 733 1
734 735 1
734 684 1
735 734 1
735 736 1
735 685 1
736 735 1
736 737 1
736 686 1
736 785 1
737 736 1
737 738 1
737 687 1
737 786 1
738 737 1
738 739 1
738 688 1
738 787 1
739 738 1
739 740 1
739 689 1
740 739 1
740 741 1
740 690 1
740 788 1
741 740 1
741 742 1
741 691 1
741 789 1
742 741 1
742 743 1
742 692 1
742 790 1
743 742 1
743 744 1
743 693 1
743 791 1
744 743 1
744 745 1
744 694 1
744 792 1
745 744 1
745 746 1
745 695 1
745 793 1
746 745 1
746 747 1
746 696 1
746 794 1
747 746 1
747 748 1
747 697 1
747 795 1
748 747 1
748 749 1
748 698 1
748 796 1
749 748 1
749 750 1
749 797 1
750 749 1
750 751 1
750 699 1
750 798 1
751 750 1
751 752 1
751 700 1
751 799 1
752 751 1
752 753 1
752 701 1
752 800 1
753 752 1
753 754 1
753 702 1
754 753 1
754 703 1
755 756 1
755 705 1
756 755 1
756 757 1
756 706 1
756 801 1
757 756 1
757 758 1
757 707 1
757 802 1
758 757 1
758 759 1
758 708 1
758 803 1
759 758 1
759 760 1
759 709 1
759 804 1
760 759 1
760 761 1
760 710 1
760 805 1
761 760 1
761 762 1
761 711 1
761 806 1
762 761 1
762 763 1
762 712 1
762 807 1
763 762 1
763 764 1
763 713 1
763 808 1
764 763 1
764 809 1
765 766 1
765 811 1
766 765 1
766 767 1
766 714 1
766 812 1
767 766 1
767 768 1
767 715 1
767 813 1
768 767 1
768 769 1
768 716 1
768 814 1
769 768 1
769 770 1
769 717 1
769 815 1
770 769 1
770 718 1
771 772 1
771 719 1
771 816 1
772 771 1
772 773 1
772 720 1
772 817 1
773 772 1
773 774 1
773 721 1
773 818 1
774 773 1
774 775 1
774 722 1
774 819 1
775 774 1
775 723 1
775 820 1
776 777 1
776 724 1
776 822 1
777 776 1
777 778 1
777 725 1
777 823 1
778 777 1
778 779 1
778 726 1
778 824 1
779 778 1
779 780 1
779 727 1
779 825 1
780 779 1
780 781 1
780 728 1
780 826 1
781 780 1
781 782 1
781 729 1
781 827 1
782 781 1
782 730 1
782 828 1
783 784 1
783 731 1
783 830 1
784 783 1
784 732 1
785 786 1
785 736 1
785 832 1
786 785 1
786 787 1
786 737 1
786 833 1
787 786 1
787 738 1
788 789 1
788 740 1
789 788 1
789 790 1
789 741 1
789 834 1
790 789 1
790 791 1
790 742 1
790 835 1
791 790 1
791 792 1
791 743 1
791 836 1
792 791 1
792 793 1
792 744 1
792 837 1
793 792 1
793 794 1
793 745 1
793 838 1
794 793 1
794 795 1
794 746 1
795 794 1
795 796 1
795 747 1
796 795 1
796 797 1
796 748 1
796 839 1
797 796 1
797 798 1
797 749 1
797 840 1
798 797 1
798 799 1
798 750 1
798 841 1
799 798 1
799 800 1
799 751 1
799 842 1
800 799 1
800 752 1
801 802 1
801 756 1
801 844 1
802 801 1
802 803 1
802 757 1
802 845 1
803 802 1
803 804 1
803 758 1
803 846 1
804 803 1
804 805 1
804 759 1
804 847 1
805 804 1
805 806 1
805 760 1
805 848 1
806 805 1
806 807 1
806 761 1
806 849 1
807 806 1
807 808 1
807 762 1
807 850 1
808 807 1
808 809 1
808 763 1
808 851 1
809 808 1
809 764 1
809 852 1
810 811 1
810 855 1
811 810 1
811 812 1
811 765 1
811 856 1
812 811 1
812 813 1
812 766 1
812 857 1
813 812 1
813 814 1
813 767 1
813 858 1
814 813 1
814 815 1
814 768 1
814 859 1
815 814 1
815 769 1
815 860 1
816 817 1
816 771 1
816 861 1
817 816 1
817 818 1
817 772 1
817 862 1
818 817 1
818 819 1
818 773 1
818 863 1
819 818 1
819 820 1
819 774 1
819 864 1
820 819 1
820 821 1
820 775 1
820 865 1
821 820 1
821 822 1
821 866 1
822 821 1
822 823 1
822 776 1
822 867 1
823 822 1
823 824 1
823 777 1
823 868 1
824 823 1
824 825 1
824 778 1
824 869 1
825 824 1
825 826 1
825 779 1
825 870 1
826 825 1
826 827 1
826 780 1
826 871 1
827 826 1
827 828 1
827 781 1
827 872 1
828 827 1
828 782 1
828 873 1
829 830 1
829 877 1
830 829 1
830 783 1
830 878 1
831 832 1
831 881 1
832 831 1
832 833 1
832 785 1
832 882 1
833 832 1
833 786 1
834 835 1
834 789 1
834 883 1
835 834 1
835 836 1
835 790 1
835 884 1
836 835 1
836 837 1
836 791 1
836 885 1
837 836 1
837 838 1
837 792 1
837 886 1
838 837 1
838 793 1
839 840 1
839 796 1
840 839 1
840 841 1
840 797 1
841 840 1
841 842 1
841 798 1
842 841 1
842 799 1
843 844 1
843 887 1
844 843 1
844 845 1
844 801 1
844 888 1
845 844 1
845 846 1
845 802 1
845 889 1
846 845 1
846 847 1
846 803 1
846 890 1
847 846 1
847 848 1
847 804 1
847 891 1
848 847 1
848 849 1
848 805 1
848 892 1
849 848 1
849 850 1
849 806 1
849 893 1
850 849 1
850 851 1
850 807 1
850 894 1
851 850 1
851 852 1
851 808 1
851 895 1
852 851 1
852 853 1
852 809 1
852 896 1
853 852 1
853 854 1
853 897 1
854 853 1
854 855 1
854 898 1
855 854 1
855 856 1
855 810 1
855 899 1
856 855 1
856 857 1
856 811 1
856 900 1
857 856 1
857 858 1
857 812 1
857 901 1
858 857 1
858 859 1
858 813 1
858 902 1
859 858 1
859 860 1
859 814 1
859 903 1
860 859 1
860 815 1
860 904 1
861 862 1
861 816 1
861 906 1
862 861 1
862 863 1
862 817 1
862 907 1
863 862 1
863 864 1
863 818 1
863 908 1
864 863 1
864 865 1
864 819 1
864 909 1
865 864 1
865 866 1
865 820 1
865 910 1
866 865 1
866 867 1
866 821 1
866 911 1
867 866 1
867 868 1
867 822 1
867 912 1
868 867 1
868 869 1
868 823 1
868 913 1
869 868 1
869 870 1
869 824 1
869 914 1
870 869 1
870 871 1
870 825 1
870 915 1
871 870 1
871 872 1
871 826 1
871 916 1
872 871 1
872 873 1
872 827 1
872 917 1
873 872 1
873 874 1
873 828 1
873 918 1
874 873 1
874 875 1
874 919 1
875 874 1
875 876 1
875 920 1
876 875 1
876 877 1
876 921 1
877 876 1
877 878 1
877 829 1
877 922 1
878 877 1
878 879 1
878 830 1
878 923 1
879 878 1
879 924 1
880 881 1
880 926 1
881 880 1
881 882 1
881 831 1
881 927 1
882 881 1
882 832 1
882 928 1
883 884 1
883 834 1
883 930 1
884 883 1
884 885 1
884 835 1
884 931 1
885 884 1
885 886 1
885 836 1
885 932 1
886 885 1
886 837 1
886 933 1
887 888 1
887 843 1
887 935 1
888 887 1
888 889 1
888 844 1
888 936 1
889 888 1
889 890 1
889 845 1
889 937 1
890 889 1
890 891 1
890 846 1
890 938 1
891 890 1
891 892 1
891 847 1
891 939 1
892 891 1
892 893 1
892 848 1
892 940 1
893 892 1
893 894 1
893 849 1
893 941 1
894 893 1
894 895 1
894 850 1
894 942 1
895 894 1
895 896 1
895 851 1
895 943 1
896 895 1
896 897 1
896 852 1
896 944 1
897 896 1
897 898 1
897 853 1
897 945 1
898 897 1
898 899 1
898 854 1
898 946 1
899 898 1
899 900 1
899 855 1
899 947 1
900 899 1
900 901 1
900 856 1
900 948 1
901 900 1
901 902 1
901 857 1
901 949 1
902 901 1
902 903 1
902 858 1
902 950 1
903 902 1
903 904 1
903 859 1
903 951 1
904 903 1
904 905 1
904 860 1
904 952 1
905 904 1
905 953 1
906 907 1
906 861 1
906 954 1
907 906 1
907 908 1
907 862 1
907 955 1
908 907 1
908 909 1
908 863 1
908 956 1
909 908 1
909 910 1
909 864 1
909 957 1
910 909 1
910 911 1
910 865 1
910 958 1
911 910 1
911 912 1
911 866 1
911 959 1
912 911 1
912 913 1
912 867 1
912 960 1
913 912 1
913 914 1
913 868 1
913 961 1
914 913 1
914 915 1
914 869 1
914 962 1
915 914 1
915 916 1
915 870 1
915 963 1
916 915 1
916 917 1
916 871 1
916 964 1
917 916 1
917 918 1
917 872 1
917 965 1
918 917 1
918 919 1
918 873 1
918 966 1
919 918 1
919 920 1
919 874 1
919 967 1
920 919 1
920 921 1
920 875 1
920 968 1
921 920 1
921 922 1
921 876 1
921 969 1
922 921 1
922 923 1
922 877 1
922 970 1
923 922 1
923 924 1
923 878 1
923 971 1
924 923 1
924 925 1
924 879 1
924 972 1
925 924 1
925 926 1
925 973 1
926 925 1
926 927 1
926 880 1
926 974 1
927 926 1
927 928 1
927 881 1
927 975 1
928 927 1
928 882 1
929 930 1
929 977 1
930 929 1
930 931 1
930 883 1
930 978 1
931 930 1
931 932 1
931 884 1
931 979 1
932 931 1
932 933 1
932 885 1
932 980 1
933 932 1
933 886 1
933 981 1
934 935 1
934 983 1
935 934 1
935 936 1
935 887 1
935 984 1
936 935 1
936 937 1
936 888 1
936 985 1
937 936 1
937 938 1
937 889 1
937 986 1
938 937 1
938 939 1
938 890 1
938 987 1
939 938 1
939 940 1
939 891 1
939 988 1
940 939 1
940 941 1
940 892 1
940 989 1
941 940 1
941 942 1
941 893 1
941 990 1
942 941 1
942 943 1
942 894 1
942 991 1
943 942 1
943 944 1
943 895 1
943 992 1
944 943 1
944 945 1
944 896 1
944 993 1
945 944 1
945 946 1
945 897 1
945 994 1
946 945 1
946 947 1
946 898 1
946 995 1
947 946 1
947 948 1
947 899 1
947 996 1
948 947 1
948 949 1
948 900 1
948 997 1
949 948 1
949 950 1
949 901 1
949 998 1
950 949 1
950 951 1
950 902 1
950 999 1
951 950 1
951 952 1
951 903 1
951 1000 1
952 951 1
952 953 1
952 904 1
952 1001 1
953 952 1
953 905 1
953 1002 1
954 955 1
954 906 1
954 1003 1
955 954 1
955 956 1
955 907 1
955 1004 1
956 955 1
956 957 1
956 908 1
956 1005 1
957 956 1
957 958 1
957 909 1
957 1006 1
958 957 1
958 959 1
958 910 1
958 1007 1
959 958 1
959 960 1
959 911 1
959 1008 1
960 959 1
960 961 1
960 912 1
960 1009 1
961 960 1
961 962 1
961 913 1
961 1010 1
962 961 1
962 963 1
962 914 1
962 1011 1
963 962 1
963 964 1
963 915 1
963 1012 1
964 963 1
964 965 1
964 916 1
964 1013 1
965 964 1
965 966 1
965 917 1
965 1014 1
966 965 1
966 967 1
966 918 1
966 1015 1
967 966 1
967 968 1
967 919 1
967 1016 1
968 967 1
968 969 1
968 920 1
968 1017 1
969 968 1
969 970 1
969 921 1
969 1018 1
970 969 1
970 971 1
970 922 1
970 1019 1
971 970 1
971 972 1
971 923 1
971 1020 1
972 971 1
972 973 1
972 924 1
972 1021 1
973 972 1
973 974 1
973 925 1
973 1022 1
974 973 1
974 975 1
974 926 1
974 1023 1
975 974 1
975 927 1
975 1024 1
976 977 1
976 1025 1
977 976 1
977 978 1
977 929 1
977 1026 1
978 977 1
978 979 1
978 930 1
978 1027 1
979 978 1
979 980 1
979 931 1
979 1028 1
980 979 1
980 981 1
980 932 1
980 1029 1
981 980 1
981 933 1
981 1030 1
982 1032 1
983 984 1
983 934 1
983 1035 1
984 983 1
984 985 1
984 935 1
984 1036 1
985 984 1
985 986 1
985 936 1
985 1037 1
986 985 1
986 987 1
986 937 1
986 1038 1
987 986 1
987 988 1
987 938 1
987 1039 1
988 987 1
988 989 1
988 939 1
988 1040 1
989 988 1
989 990 1
989 940 1
989 1041 1
990 989 1
990 991 1
990 941 1
990 1042 1
991 990 1
991 992 1
991 942 1
991 1043 1
992 991 1
992 993 1
992 943 1
992 1044 1
993 992 1
993 994 1
993 944 1
993 1045 1
994 993 1
994 995 1
994 945 1
994 1046 1
995 994 1
995 996 1
995 946 1
995 1047 1
996 995 1
996 997 1
996 947 1
996 1048 1
997 996 1
997 998 1
997 948 1
997 1049 1
998 997 1
998 999 1
998 949 1
998 1050 1
999 998 1
999 1000 1
999 950 1
999 1051 1
1000 999 1
1000 1001 1
1000 951 1
1000 1052 1
1001 1000 1
1001 1002 1
1001 952 1
1001 1053 1
1002 1001 1
1002 953 1
1002 1054 1
1003 1004 1
1003 954 1
1003 1055 1
1004 1003 1
1004 1005 1
1004 955 1
1004 1056 1
1005 1004 1
1005 1006 1
1005 956 1
1005 1057 1
1006 1005 1
1006 1007 1
1006 957 1
1006 1058 1
1007 1006 1
1007 1008 1
1007 958 1
1007 1059 1
1008 1007 1
1008 1009 1
1008 959 1
1008 1060 1
1009 1008 1
1009 1010 1
1009 960 1
1009 1061 1
1010 1009 1
1010 1011 1
1010 961 1
1010 1062 1
1011 1010 1
1011 1012 1
1011 962 1
1011 1063 1
1012 1011 1
1012 1013 1
1012 963 1
1012 1064 1
1013 1012 1
1013 1014 1
1013 964 1
1013 1065 1
1014 1013 1
1014 1015 1
1014 965 1
1014 1066 1
1015 1014 1
1015 1016 1
1015 966 1
1015 1067 1
1016 1015 1
1016 1017 1
1016 967 1
1016 1068 1
1017 1016 1
1017 1018 1
1017 968 1
1017 1069 1
1018 1017 1
1018 1019 1
1018 969 1
1018 1070 1
1019 1018 1
1019 1020 1
1019 970 1
1019 1071 1
1020 1019 1
1020 1021 1
1020 971 1
1020 1072 1
1021 1020 1
1021 1022 1
1021 972 1
1021 1073 1
1022 1021 1
1022 1023 1
1022 973 1
1022 1074 1
1023 1022 1
1023 1024 1
1023 974 1
1023 1075 1
1024 1023 1
1024 975 1
1024 1076 1
1025 1026 1
1025 976 1
1025 1077 1
1026 1025 1
1026 1027 1
1026 977 1
1026 1078 1
1027 1026 1
1027 1028 1
1027 978 1
1027 1079 1
1028 1027 1
1028 1029 1
1028 979 1
1028 1080 1
1029 1028 1
1029 1030 1
1029 980 1
1029 1081 1
1030 1029 1
1030 981 1
1030 1082 1
1031 1032 1
1031 1085 1
1032 1031 1
1032 1033 1
1032 982 1
1032 1086 1
1033 1032 1
1033 1087 1
1034 1035 1
1035 1034 1
1035 1036 1
1035 983 1
1035 1088 1
1036 1035 1
1036 1037 1
1036 984 1
1036 1089 1
1037 1036 1
1037 1038 1
1037 985 1
1037 1090 1
1038 1037 1
1038 1039 1
1038 986 1
1038 1091 1
1039 1038 1
1039 1040 1
1039 987 1
1039 1092 1
1040 1039 1
1040 1041 1
1040 988 1
1040 1093 1
1041 1040 1
1041 1042 1
1041 989 1
1041 1094 1
1042 1041 1
1042 1043 1
1042 990 1
1042 1095 1
1043 1042 1
1043 1044 1
1043 991 1
1043 1096 1
1044 1043 1
1044 1045 1
1044 992 1
1044 1097 1
1045 1044 1
1045 1046 1
1045 993 1
1045 1098 1
1046 1045 1
1046 1047 1
1046 994 1
1046 1099 1
1047 1046 1
1047 1048 1
1047 995 1
1047 1100 1
1048 1047 1
1048 1049 1
1048 996 1
1048 1101 1
1049 1048 1
1049 1050 1
1049 997 1
1049 1102 1
1050 1049 1
1050 1051 1
1050 998 1
1050 1103 1
1051 1050 1
1051 1052 1
1051 999 1
1051 1104 1
1052 1051 1
1052 1053 1
1052 1000 1
1052 1105 1
1053 1052 1
1053 1054 1
1053 1001 1
1053 1106 1
1054 1053 1
1054 1002 1
1055 1056 1
1055 1003 1
1055 1107 1
1056 1055 1
1056 1057 1
1056 1004 1
1056 1108 1
1057 1056 1
1057 1058 1
1057 1005 1
1057 1109 1
1058 1057 1
1058 1059 1
1058 1006 1
1058 1110 1
1059 1058 1
1059 1060 1
1059 1007 1
1059 1111 1
1060 1059 1
1060 1061 1
1060 1008 1
1060 1112 1
1061 1060 1
1061 1062 1
1061 1009 1
1061 1113 1
1062 1061 1
1062 1063 1
1062 1010 1
1062 1114 1
1063 1062 1
1063 1064 1
1063 1011 1
1063 1115 1
1064 1063 1
1064 1065 1
1064 1012 1
1064 1116 1
1065 1064 1
1065 1066 1
1065 1013 1
1065 1117 1
1066 1065 1
1066 1067 1
1066 1014 1
1066 1118 1
1067 1066 1
1067 1068 1
1067 1015 1
1067 1119 1
1068 1067 1
1068 1069 1
1068 1016 1
1068 1120 1
1069 1068 1
1069 1070 1
1069 1017 1
1069 1121 1
1070 1069 1
1070 1071 1
1070 1018 1
1070 1122 1
1071 1070 1
1071 1072 1
1071 1019 1
1071 1123 1
1072 1071 1
1072 1073 1
1072 1020 1
1072 1124 1
1073 1072 1
1073 1074 1
1073 1021 1
1073 1125 1
1074 1073 1
1074 1075 1
1074 1022 1
1074 1126 1
1075 1074 1
1075 1076 1
1075 1023 1
1075 1127 1
1076 1075 1
1076 1024 1
1077 1078 1
1077 1025 1
1077 1128 1
1078 1077 1
1078 1079 1
1078 1026 1
1078 1129 1
1079 1078 1
1079 1080 1
1079 1027 1
1079 1130 1
1080 1079 1
1080 1081 1
1080 1028 1
1080 1131 1
1081 1080 1
1081 1082 1
1081 1029 1
1081 1132 1
1082 1081 1
1082 1083 1
1082 1030 1
1082 1133 1
1083 1082 1
1083 1134 1
1084 1085 1
1084 1136 1
1085 1084 1
1085 1086 1
1085 1031 1
1085 1137 1
1086 1085 1
1086 1087 1
1086 1032 1
1086 1138 1
1087 1086 1
1087 1033 1
1087 1139 1
1088 1089 1
1088 1035 1
1088 1141 1
1089 1088 1
1089 1090 1
1089 1036 1
1089 1142 1
1090 1089 1
1090 1091 1
1090 1037 1
1090 1143 1
1091 1090 1
1091 1092 1
1091 1038 1
1091 1144 1
1092 1091 1
1092 1093 1
1092 1039 1
1092 1145 1
1093 1092 1
1093 1094 1
1093 1040 1
1093 1146 1
1094 1093 1
1094 1095 1
1094 1041 1
1094 1147 1
1095 1094 1
1095 1096 1
1095 1042 1
1095 1148 1
1096 1095 1
1096 1097 1
1096 1043 1
1096 1149 1
1097 1096 1
1097 1098 1
1097 1044 1
1097 1150 1
1098 1097 1
1098 1099 1
1098 1045 1
1098 1151 1
1099 1098 1
1099 1100 1
1099 1046 1
1099 1152 1
1100 1099 1
1100 1101 1
1100 1047 1
1100 1153 1
1101 1100 1
1101 1102 1
1101 1048 1
1101 1154 1
1102 1101 1
1102 1103 1
1102 1049 1
1102 1155 1
1103 1102 1
1103 1104 1
1103 1050 1
1103 1156 1
1104 1103 1
1104 1105 1
1104 1051 1
1104 1157 1
1105 1104 1
1105 1106 1
1105 1052 1
1105 1158 1
1106 1105 1
1106 1053 1
1106 1159 1
1107 1108 1
1107 1055 1
1107 1160 1
1108 1107 1
1108 1109 1
1108 1056 1
1108 1161 1
1109 1108 1
1109 1110 1
1109 1057 1
1109 1162 1
1110 1109 1
1110 1111 1
1110 1058 1
1110 1163 1
1111 1110 1
1111 1112 1
1111 1059 1
1111 1164 1
1112 1111 1
1112 1113 1
1112 1060 1
1112 1165 1
1113 1112 1
1113 1114 1
1113 1061 1
1113 1166 1
1114 1113 1
1114 1115 1
1114 1062 1
1114 1167 1
1115 1114 1
1115 1116 1
1115 1063 1
1115 1168 1
1116 1115 1
1116 1117 1
1116 1064 1
1116 1169 1
1117 1116 1
1117 1118 1
1117 1065 1
1117 1170 1
1118 1117 1
1118 1119 1
1118 1066 1
1118 1171 1
1119 1118 1
1119 1120 1
1119 1067 1
1119 1172 1
1120 1119 1
1120 1121 1
1120 1068 1
1120 1173 1
1121 1120 1
1121 1122 1
1121 1069 1
1121 1174 1
1122 1121 1
1122 1123 1
1122 1070 1
1122 1175 1
1123 1122 1
1123 1124 1
1123 1071 1
1124 1123 1
1124 1125 1
1124 1072 1
1124 1176 1
1125 1124 1
1125 1126 1
1125 1073 1
1125 1177 1
1126 1125 1
1126 1127 1
1126 1074 1
1126 1178 1
1127 1126 1
1127 1075 1
1127 1179 1
1128 1129 1
1128 1077 1
1128 1180 1
1129 1128 1
1129 1130 1
1129 1078 1
1129 1181 1
1130 1129 1
1130 1131 1
1130 1079 1
1130 1182 1
1131 1130 1
1131 1132 1
1131 1080 1
1131 1183 1
1132 1131 1
1132 1133 1
1132 1081 1
1132 1184 1
1133 1132 1
1133 1134 1
1133 1082 1
1133 1185 1
1134 1133 1
1134 1135 1
1134 1083 1
1134 1186 1
1135 1134 1
1135 1136 1
1135 1187 1
1136 1135 1
1136 1137 1
1136 1084 1
1136 1188 1
1137 1136 1
1137 1138 1
1137 1085 1
1137 1189 1
1138 1137 1
1138 1139 1
1138 1086 1
1138 1190 1
1139 1138 1
1139 1087 1
1139 1191 1
1140 1141 1
1140 1193 1
1141 1140 1
1141 1142 1
1141 1088 1
1141 1194 1
1142 1141 1
1142 1143 1
1142 1089 1
1142 1195 1
1143 1142 1
1143 1144 1
1143 1090 1
1143 1196 1
1144 1143 1
1144 1145 1
1144 1091 1
1144 1197 1
1145 1144 1
1145 1146 1
1145 1092 1
1145 1198 1
1146 1145 1
1146 1147 1
1146 1093 1
1146 1199 1
1147 1146 1
1147 1148 1
1147 1094 1
1147 1200 1
1148 1147 1
1148 1149 1
1148 1095 1
1148 1201 1
1149 1148 1
1149 1150 1
1149 1096 1
1149 1202 1
1150 1149 1
1150 1151 1
1150 1097 1
1150 1203 1
1151 1150 1
1151 1152 1
1151 1098 1
1151 1204 1
1152 1151 1
1152 1153 1
1152 1099 1
1152 1205 1
1153 1152 1
1153 1154 1
1153 1100 1
1153 1206 1
1154 1153 1
1154 1155 1
1154 1101 1
1155 1154 1
1155 1156 1
1155 1102 1
1155 1207 1
1156 1155 1
1156 1157 1
1156 1103 1
1156 1208 1
1157 1156 1
1157 1158 1
1157 1104 1
1157 1209 1
1158 1157 1
1158 1159 1
1158 1105 1
1158 1210 1
1159 1158 1
1159 1106 1
1159 1211 1
1160 1161 1
1160 1107 1
1160 1213 1
1161 1160 1
1161 1162 1
1161 1108 1
1161 1214 1
1162 1161 1
1162 1163 1
1162 1109 1
1162 1215 1
1163 1162 1
1163 1164 1
1163 1110 1
1163 1216 1
1164 1163 1
1164 1165 1
1164 1111 1
1164 1217 1
1165 1164 1
1165 1166 1
1165 1112 1
1165 1218 1
1166 1165 1
1166 1167 1
1166 1113 1
1166 1219 1
1167 1166 1
1167 1168 1
1167 1114 1
1167 1220 1
1168 1167 1
1168 1169 1
1168 1115 1
1168 1221 1
1169 1168 1
1169 1170 1
1169 1116 1
1169 1222 1
1170 1169 1
1170 1171 1
1170 1117 1
1170 1223 1
1171 1170 1
1171 1172 1
1171 1118 1
1171 1224 1
1172 1171 1
1172 1173 1
1172 1119 1
1172 1225 1
1173 1172 1
1173 1174 1
1173 1120 1
1173 1226 1
1174 1173 1
1174 1175 1
1174 1121 1
1174 1227 1
1175 1174 1
1175 1122 1
1175 1228 1
1176 1177 1
1176 1124 1
1176 1229 1
1177 1176 1
1177 1178 1
1177 1125 1
1177 1230 1
1178 1177 1
1178 1179 1
1178 1126 1
1178 1231 1
1179 1178 1
1179 1127 1
1179 1232 1
1180 1181 1
1180 1128 1
1180 1234 1
1181 1180 1
1181 1182 1
1181 1129 1
1181 1235 1
1182 1181 1
1182 1183 1
1182 1130 1
1182 1236 1
1183 1182 1
1183 1184 1
1183 1131 1
1183 1237 1
1184 1183 1
1184 1185 1
1184 1132 1
1184 1238 1
1185 1184 1
1185 1186 1
1185 1133 1
1185 1239 1
1186 1185 1
1186 1187 1
1186 1134 1
1186 1240 1
1187 1186 1
1187 1188 1
1187 1135 1
1187 1241 1
1188 1187 1
1188 1189 1
1188 1136 1
1188 1242 1
1189 1188 1
1189 1190 1
1189 1137 1
1189 1243 1
1190 1189 1
1190 1191 1
1190 1138 1
1190 1244 1
1191 1190 1
1191 1192 1
1191 1139 1
1191 1245 1
1192 1191 1
1192 1246 1
1193 1194 1
1193 1140 1
1193 1249 1
1194 1193 1
1194 1195 1
1194 1141 1
1194 1250 1
1195 1194 1
1195 1196 1
1195 1142 1
1195 1251 1
1196 1195 1
1196 1197 1
1196 1143 1
1196 1252 1
1197 1196 1
1197 1198 1
1197 1144 1
1197 1253 1
1198 1197 1
1198 1199 1
1198 1145 1
1198 1254 1
1199 1198 1
1199 1200 1
1199 1146 1
1199 1255 1
1200 1199 1
1200 1201 1
1200 1147 1
1200 1256 1
1201 1200 1
1201 1202 1
1201 1148 1
1202 1201 1
1202 1203 1
1202 1149 1
1203 1202 1
1203 1204 1
1203 1150 1
1203 1257 1
1204 1203 1
1204 1205 1
1204 1151 1
1204 1258 1
1205 1204 1
1205 1206 1
1205 1152 1
1205 1259 1
1206 1205 1
1206 1153 1
1207 1208 1
1207 1155 1
1208 1207 1
1208 1209 1
1208 1156 1
1208 1260 1
1209 1208 1
1209 1210 1
1209 1157 1
1209 1261 1
1210 1209 1
1210 1211 1
1210 1158 1
1210 1262 1
1211 1210 1
1211 1159 1
1211 1263 1
1212 1213 1
1212 1264 1
1213 1212 1
1213 1214 1
1213 1160 1
1213 1265 1
1214 1213 1
1214 1215 1
1214 1161 1
1214 1266 1
1215 1214 1
1215 1216 1
1215 1162 1
1215 1267 1
1216 1215 1
1216 1217 1
1216 1163 1
1216 1268 1
1217 1216 1
1217 1218 1
1217 1164 1
1217 1269 1
1218 1217 1
1218 1219 1
1218 1165 1
1218 1270 1
1219 1218 1
1219 1220 1
1219 1166 1
1219 1271 1
1220 1219 1
1220 1221 1
1220 1167 1
1220 1272 1
1221 1220 1
1221 1222 1
1221 1168 1
1221 1273 1
1222 1221 1
1222 1223 1
1222 1169 1
1222 1274 1
1223 1222 1
1223 1224 1
1223 1170 1
1223 1275 1
1224 1223 1
1224 1225 1
1224 1171 1
1224 1276 1
1225 1224 1
1225 1226 1
1225 1172 1
1225 1277 1
1226 1225 1
1226 1227 1
1226 1173 1
1226 1278 1
1227 1226 1
1227 1228 1
1227 1174 1
1227 1279 1
1228 1227 1
1228 1175 1
1228 1280 1
1229 1230 1
1229 1176 1
1229 1281 1
1230 1229 1
1230 1231 1
1230 1177 1
1230 1282 1
1231 1230 1
1231 1232 1
1231 1178 1
1231 1283 1
1232 1231 1
1232 1233 1
1232 1179 1
1232 1284 1
1233 1232 1
1233 1285 1
1234 1235 1
1234 1180 1
1234 1289 1
1235 1234 1
1235 1236 1
1235 1181 1
1235 1290 1
1236 1235 1
1236 1237 1
1236 1182 1
1236 1291 1
1237 1236 1
1237 1238 1
1237 1183 1
1237 1292 1
1238 1237 1
1238 1239 1
1238 1184 1
1238 1293 1
1239 1238 1
1239 1240 1
1239 1185 1
1239 1294 1
1240 1239 1
1240 1241 1
1240 1186 1
1240 1295 1
1241 1240 1
1241 1242 1
1241 1187 1
1241 1296 1
1242 1241 1
1242 1243 1
1242 1188 1
1242 1297 1
1243 1242 1
1243 1244 1
1243 1189 1
1243 1298 1
1244 1243 1
1244 1245 1
1244 1190 1
1244 1299 1
1245 1244 1
1245 1246 1
1245 1191 1
1245 1300 1
1246 1245 1
1246 1247 1
1246 1192 1
1246 1301 1
1247 1246 1
1247 1248 1
1247 1302 1
1248 1247 1
1248 1249 1
1248 1303 1
1249 1248 1
1249 1250 1
1249 1193 1
1249 1304 1
1250 1249 1
1250 1251 1
1250 1194 1
1250 1305 1
1251 1250 1
1251 1252 1
1251 1195 1
1251 1306 1
1252 1251 1
1252 1253 1
1252 1196 1
1252 1307 1
1253 1252 1
1253 1254 1
1253 1197 1
1253 1308 1
1254 1253 1
1254 1255 1
1254 1198 1
1254 1309 1
1255 1254 1
1255 1256 1
1255 1199 1
1255 1310 1
1256 1255 1
1256 1200 1
1257 1258 1
1257 1203 1
1258 1257 1
1258 1259 1
1258 1204 1
1258 1311 1
1259 1258 1
1259 1205 1
1259 1312 1
1260 1261 1
1260 1208 1
1260 1315 1
1261 1260 1
1261 1262 1
1261 1209 1
1261 1316 1
1262 1261 1
1262 1263 1
1262 1210 1
1262 1317 1
1263 1262 1
1263 1211 1
1263 1318 1
1264 1265 1
1264 1212 1
1264 1319 1
1265 1264 1
1265 1266 1
1265 1213 1
1265 1320 1
1266 1265 1
1266 1267 1
1266 1214 1
1266 1321 1
1267 1266 1
1267 1268 1
1267 1215 1
1267 1322 1
1268 1267 1
1268 1269 1
1268 1216 1
1268 1323 1
1269 1268 1
1269 1270 1
1269 1217 1
1269 1324 1
1270 1269 1
1270 1271 1
1270 1218 1
1270 1325 1
1271 1270 1
1271 1272 1
1271 1219 1
1271 1326 1
1272 1271 1
1272 1273 1
1272 1220 1
1272 1327 1
1273 1272 1
1273 1274 1
1273 1221 1
1273 1328 1
1274 1273 1
1274 1275 1
1274 1222 1
1274 1329 1
1275 1274 1
1275 1276 1
1275 1223 1
1276 1275 1
1276 1277 1
1276 1224 1
1277 1276 1
1277 1278 1
1277 1225 1
1277 1330 1
1278 1277 1
1278 1279 1
1278 1226 1
1278 1331 1
1279 1278 1
1279 1280 1
1279 1227 1
1279 1332 1
1280 1279 1
1280 1228 1
1280 1333 1
1281 1282 1
1281 1229 1
1281 1335 1
1282 1281 1
1282 1283 1
1282 1230 1
1282 1336 1
1283 1282 1
1283 1284 1
1283 1231 1
1283 1337 1
1284 1283 1
1284 1285 1
1284 1232 1
1284 1338 1
1285 1284 1
1285 1286 1
1285 1233 1
1285 1339 1
1286 1285 1
1286 1287 1
1286 1340 1
1287 1286 1
1287 1288 1
1287 1341 1
1288 1287 1
1288 1289 1
1288 1342 1
1289 1288 1
1289 1290 1
1289 1234 1
1289 1343 1
1290 1289 1
1290 1291 1
1290 1235 1
1290 1344 1
1291 1290 1
1291 1292 1
1291 1236 1
1291 1345 1
1292 1291 1
1292 1293 1
1292 1237 1
1292 1346 1
1293 1292 1
1293 1294 1
1293 1238 1
1293 1347 1
1294 1293 1
1294 1295 1
1294 1239 1
1294 1348 1
1295 1294 1
1295 1296 1
1295 1240 1
1295 1349 1
1296 1295 1
1296 1297 1
1296 1241 1
1296 1350 1
1297 1296 1
1297 1298 1
1297 1242 1
1297 1351 1
1298 1297 1
1298 1299 1
1298 1243 1
1298 1352 1
1299 1298 1
1299 1300 1
1299 1244 1
1300 1299 1
1300 1301 1
1300 1245 1
1300 1353 1
1301 1300 1
1301 1302 1
1301 1246 1
1301 1354 1
1302 1301 1
1302 1303 1
1302 1247 1
1302 1355 1
1303 1302 1
1303 1304 1
1303 1248 1
1303 1356 1
1304 1303 1
1304 1305 1
1304 1249 1
1304 1357 1
1305 1304 1
1305 1306 1
1305 1250 1
1305 1358 1
1306 1305 1
1306 1307 1
1306 1251 1
1306 1359 1
1307 1306 1
1307 1308 1
1307 1252 1
1307 1360 1
1308 1307 1
1308 1309 1
1308 1253 1
1308 1361 1
1309 1308 1
1309 1310 1
1309 1254 1
1309 1362 1
1310 1309 1
1310 1255 1
1310 1363 1
1311 1312 1
1311 1258 1
1311 1366 1
1312 1311 1
1312 1313 1
1312 1259 1
1312 1367 1
1313 1312 1
1313 1368 1
1314 1315 1
1314 1370 1
1315 1314 1
1315 1316 1
1315 1260 1
1315 1371 1
1316 1315 1
1316 1317 1
1316 1261 1
1316 1372 1
1317 1316 1
1317 1318 1
1317 1262 1
1317 1373 1
1318 1317 1
1318 1263 1
1318 1374 1
1319 1320 1
1319 1264 1
1319 1375 1
1320 1319 1
1320 1321 1
1320 1265 1
1320 1376 1
1321 1320 1
1321 1322 1
1321 1266 1
1321 1377 1
1322 1321 1
1322 1323 1
1322 1267 1
1322 1378 1
1323 1322 1
1323 1324 1
1323 1268 1
1323 1379 1
1324 1323 1
1324 1325 1
1324 1269 1
1324 1380 1
1325 1324 1
1325 1326 1
1325 1270 1
1325 1381 1
1326 1325 1
1326 1327 1
1326 1271 1
1326 1382 1
1327 1326 1
1327 1328 1
1327 1272 1
1328 1327 1
1328 1329 1
1328 1273 1
1329 1328 1
1329 1274 1
1330 1331 1
1330 1277 1
1331 1330 1
1331 1332 1
1331 1278 1
1331 1383 1
1332 1331 1
1332 1333 1
1332 1279 1
1332 1384 1
1333 1332 1
1333 1334 1
1333 1280 1
1333 1385 1
1334 1333 1
1334 1335 1
1334 1386 1
1335 1334 1
1335 1336 1
1335 1281 1
1335 1387 1
1336 1335 1
1336 1337 1
1336 1282 1
1336 1388 1
1337 1336 1
1337 1338 1
1337 1283 1
1337 1389 1
1338 1337 1
1338 1339 1
1338 1284 1
1338 1390 1
1339 1338 1
1339 1340 1
1339 1285 1
1339 1391 1
1340 1339 1
1340 1341 1
1340 1286 1
1340 1392 1
1341 1340 1
1341 1342 1
1341 1287 1
1341 1393 1
1342 1341 1
1342 1343 1
1342 1288 1
1342 1394 1
1343 1342 1
1343 1344 1
1343 1289 1
1343 1395 1
1344 1343 1
1344 1345 1
1344 1290 1
1344 1396 1
1345 1344 1
1345 1346 1
1345 1291 1
1345 1397 1
1346 1345 1
1346 1347 1
1346 1292 1
1346 1398 1
1347 1346 1
1347 1348 1
1347 1293 1
1347 1399 1
1348 1347 1
1348 1349 1
1348 1294 1
1348 1400 1
1349 1348 1
1349 1350 1
1349 1295 1
1349 1401 1
1350 1349 1
1350 1351 1
1350 1296 1
1350 1402 1
1351 1350 1
1351 1352 1
1351 1297 1
1351 1403 1
1352 1351 1
1352 1298 1
1353 1354 1
1353 1300 1
1354 1353 1
1354 1355 1
1354 1301 1
1354 1404 1
1355 1354 1
1355 1356 1
1355 1302 1
1355 1405 1
1356 1355 1
1356 1357 1
1356 1303 1
1356 1406 1
1357 1356 1
1357 1358 1
1357 1304 1
1357 1407 1
1358 1357 1
1358 1359 1
1358 1305 1
1358 1408 1
1359 1358 1
1359 1360 1
1359 1306 1
1359 1409 1
1360 1359 1
1360 1361 1
1360 1307 1
1360 1410 1
1361 1360 1
1361 1362 1
1361 1308 1
1361 1411 1
1362 1361 1
1362 1363 1
1362 1309 1
1362 1412 1
1363 1362 1
1363 1364 1
1363 1310 1
1363 1413 1
1364 1363 1
1364 1414 1
1365 1366 1
1365 1417 1
1366 1365 1
1366 1367 1
1366 1311 1
1366 1418 1
1367 1366 1
1367 1368 1
1367 1312 1
1367 1419 1
1368 1367 1
1368 1369 1
1368 1313 1
1368 1420 1
1369 1368 1
1369 1370 1
1369 1421 1
1370 1369 1
1370 1371 1
1370 1314 1
1370 1422 1
1371 1370 1
1371 1372 1
1371 1315 1
1371 1423 1
1372 1371 1
1372 1373 1
1372 1316 1
1372 1424 1
1373 1372 1
1373 1374 1
1373 1317 1
1373 1425 1
1374 1373 1
1374 1318 1
1374 1426 1
1375 1376 1
1375 1319 1
1375 1427 1
1376 1375 1
1376 1377 1
1376 1320 1
1376 1428 1
1377 1376 1
1377 1378 1
1377 1321 1
1377 1429 1
1378 1377 1
1378 1379 1
1378 1322 1
1378 1430 1
1379 1378 1
1379 1380 1
1379 1323 1
1379 1431 1
1380 1379 1
1380 1381 1
1380 1324 1
1380 1432 1
1381 1380 1
1381 1382 1
1381 1325 1
1381 1433 1
1382 1381 1
1382 1326 1
1382 1434 1
1383 1384 1
1383 1331 1
1383 1435 1
1384 1383 1
1384 1385 1
1384 1332 1
1384 1436 1
1385 1384 1
1385 1386 1
1385 1333 1
1385 1437 1
1386 1385 1
1386 1387 1
1386 1334 1
1386 1438 1
1387 1386 1
1387 1388 1
1387 1335 1
1387 1439 1
1388 1387 1
1388 1389 1
1388 1336 1
1388 1440 1
1389 1388 1
1389 1390 1
1389 1337 1
1389 1441 1
1390 1389 1
1390 1391 1
1390 1338 1
1390 1442 1
1391 1390 1
1391 1392 1
1391 1339 1
1391 1443 1
1392 1391 1
1392 1393 1
1392 1340 1
1392 1444 1
1393 1392 1
1393 1394 1
1393 1341 1
1393 1445 1
1394 1393 1
1394 1395 1
1394 1342 1
1394 1446 1
1395 1394 1
1395 1396 1
1395 1343 1
1395 1447 1
1396 1395 1
1396 1397 1
1396 1344 1
1396 1448 1
1397 1396 1
1397 1398 1
1397 1345 1
1397 1449 1
1398 1397 1
1398 1399 1
1398 1346 1
1398 1450 1
1399 1398 1
1399 1400 1
1399 1347 1
1399 1451 1
1400 1399 1
1400 1401 1
1400 1348 1
1400 1452 1
1401 1400 1
1401 1402 1
1401 1349 1
1401 1453 1
1402 1401 1
1402 1403 1
1402 1350 1
1402 1454 1
1403 1402 1
1403 1351 1
1403 1455 1
1404 1405 1
1404 1354 1
1404 1458 1
1405 1404 1
1405 1406 1
1405 1355 1
1405 1459 1
1406 1405 1
1406 1407 1
1406 1356 1
1406 1460 1
1407 1406 1
1407 1408 1
1407 1357 1
1407 1461 1
1408 1407 1
1408 1409 1
1408 1358 1
1408 1462 1
1409 1408 1
1409 1410 1
1409 1359 1
1409 1463 1
1410 1409 1
1410 1411 1
1410 1360 1
1410 1464 1
1411 1410 1
1411 1412 1
1411 1361 1
1411 1465 1
1412 1411 1
1412 1413 1
1412 1362 1
1412 1466 1
1413 1412 1
1413 1414 1
1413 1363 1
1413 1467 1
1414 1413 1
1414 1415 1
1414 1364 1
1414 1468 1
1415 1414 1
1415 1416 1
1415 1469 1
1416 1415 1
1416 1417 1
1416 1470 1
1417 1416 1
1417 1418 1
1417 1365 1
1417 1471 1
1418 1417 1
1418 1419 1
1418 1366 1
1418 1472 1
1419 1418 1
1419 1420 1
1419 1367 1
1419 1473 1
1420 1419 1
1420 1421 1
1420 1368 1
1420 1474 1
1421 1420 1
1421 1422 1
1421 1369 1
1421 1475 1
1422 1421 1
1422 1423 1
1422 1370 1
1422 1476 1
1423 1422 1
1423 1424 1
1423 1371 1
1423 1477 1
1424 1423 1
1424 1425 1
1424 1372 1
1424 1478 1
1425 1424 1
1425 1426 1
1425 1373 1
1425 1479 1
1426 1425 1
1426 1374 1
1426 1480 1
1427 1428 1
1427 1375 1
1427 1481 1
1428 1427 1
1428 1429 1
1428 1376 1
1428 1482 1
1429 1428 1
1429 1430 1
1429 1377 1
1429 1483 1
1430 1429 1
1430 1431 1
1430 1378 1
1430 1484 1
1431 1430 1
1431 1432 1
1431 1379 1
1431 1485 1
1432 1431 1
1432 1433 1
1432 1380 1
1432 1486 1
1433 1432 1
1433 1434 1
1433 1381 1
1433 1487 1
1434 1433 1
1434 1382 1
1435 1436 1
1435 1383 1
1435 1488 1
1436 1435 1
1436 1437 1
1436 1384 1
1436 1489 1
1437 1436 1
1437 1438 1
1437 1385 1
1437 1490 1
1438 1437 1
1438 1439 1
1438 1386 1
1438 1491 1
1439 1438 1
1439 1440 1
1439 1387 1
1439 1492 1
1440 1439 1
1440 1441 1
1440 1388 1
1440 1493 1
1441 1440 1
1441 1442 1
1441 1389 1
1441 1494 1
1442 1441 1
1442 1443 1
1442 1390 1
1442 1495 1
1443 1442 1
1443 1444 1
1443 1391 1
1443 1496 1
1444 1443 1
1444 1445 1
1444 1392 1
1444 1497 1
1445 1444 1
1445 1446 1
1445 1393 1
1445 1498 1
1446 1445 1
1446 1447 1
1446 1394 1
1446 1499 1
1447 1446 1
1447 1448 1
1447 1395 1
1447 1500 1
1448 1447 1
1448 1449 1
1448 1396 1
1448 1501 1
1449 1448 1
1449 1450 1
1449 1397 1
1449 1502 1
1450 1449 1
1450 1451 1
1450 1398 1
1450 1503 1
1451 1450 1
1451 1452 1
1451 1399 1
1451 1504 1
1452 1451 1
1452 1453 1
1452 1400 1
1452 1505 1
1453 1452 1
1453 1454 1
1453 1401 1
1453 1506 1
1454 1453 1
1454 1455 1
1454 1402 1
1454 1507 1
1455 1454 1
1455 1456 1
1455 1403 1
1455 1508 1
1456 1455 1
1456 1509 1
1457 1458 1
1457 1511 1
1458 1457 1
1458 1459 1
1458 1404 1
1458 1512 1
1459 1458 1
1459 1460 1
1459 1405 1
1459 1513 1
1460 1459 1
1460 1461 1
1460 1406 1
1460 1514 1
1461 1460 1
1461 1462 1
1461 1407 1
1461 1515 1
1462 1461 1
1462 1463 1
1462 1408 1
1462 1516 1
1463 1462 1
1463 1464 1
1463 1409 1
1463 1517 1
1464 1463 1
1464 1465 1
1464 1410 1
1464 1518 1
1465 1464 1
1465 1466 1
1465 1411 1
1465 1519 1
1466 1465 1
1466 1467 1
1466 1412 1
1466 1520 1
1467 1466 1
1467 1468 1
1467 1413 1
1467 1521 1
1468 1467 1
1468 1469 1
1468 1414 1
1468 1522 1
1469 1468 1
1469 1470 1
1469 1415 1
1469 1523 1
1470 1469 1
1470 1471 1
1470 1416 1
1470 1524 1
1471 1470 1
1471 1472 1
1471 1417 1
1471 1525 1
1472 1471 1
1472 1473 1
1472 1418 1
1472 1526 1
1473 1472 1
1473 1474 1
1473 1419 1
1473 1527 1
1474 1473 1
1474 1475 1
1474 1420 1
1474 1528 1
1475 1474 1
1475 1476 1
1475 1421 1
1475 1529 1
1476 1475 1
1476 1477 1
1476 1422 1
1476 1530 1
1477 1476 1
1477 1478 1
1477 1423 1
1477 1531 1
1478 1477 1
1478 1479 1
1478 1424 1
1478 1532 1
1479 1478 1
1479 1480 1
1479 1425 1
1480 1479 1
1480 1426 1
1481 1482 1
1481 1427 1
1482 1481 1
1482 1483 1
1482 1428 1
1482 1533 1
1483 1482 1
1483 1484 1
1483 1429 1
1483 1534 1
1484 1483 1
1484 1485 1
1484 1430 1
1485 1484 1
1485 1486 1
1485 1431 1
1486 1485 1
1486 1487 1
1486 1432 1
1487 1486 1
1487 1433 1
1488 1489 1
1488 1435 1
1489 1488 1
1489 1490 1
1489 1436 1
1490 1489 1
1490 1491 1
1490 1437 1
1491 1490 1
1491 1492 1
1491 1438 1
1491 1535 1
1492 1491 1
1492 1493 1
1492 1439 1
1492 1536 1
1493 1492 1
1493 1494 1
1493 1440 1
1493 1537 1
1494 1493 1
1494 1495 1
1494 1441 1
1494 1538 1
1495 1494 1
1495 1496 1
1495 1442 1
1496 1495 1
1496 1497 1
1496 1443 1
1497 1496 1
1497 1498 1
1497 1444 1
1498 1497 1
1498 1499 1
1498 1445 1
1499 1498 1
1499 1500 1
1499 1446 1
1499 1539 1
1500 1499 1
1500 1501 1
1500 1447 1
1500 1540 1
1501 1500 1
1501 1502 1
1501 1448 1
1501 1541 1
1502 1501 1
1502 1503 1
1502 1449 1
1502 1542 1
1503 1502 1
1503 1504 1
1503 1450 1
1503 1543 1
1504 1503 1
1504 1505 1
1504 1451 1
1504 1544 1
1505 1504 1
1505 1506 1
1505 1452 1
1506 1505 1
1506 1507 1
1506 1453 1
1507 1506 1
1507 1508 1
1507 1454 1
1508 1507 1
1508 1509 1
1508 1455 1
1508 1545 1
1509 1508 1
1509 1510 1
1509 1456 1
1509 1546 1
1510 1509 1
1510 1511 1
1510 1547 1
1511 1510 1
1511 1512 1
1511 1457 1
1511 1548 1
1512 1511 1
1512 1513 1
1512 1458 1
1512 1549 1
1513 1512 1
1513 1514 1
1513 1459 1
1513 1550 1
1514 1513 1
1514 1515 1
1514 1460 1
1514 1551 1
1515 1514 1
1515 1516 1
1515 1461 1
1515 1552 1
1516 1515 1
1516 1517 1
1516 1462 1
1516 1553 1
1517 1516 1
1517 1518 1
1517 1463 1
1517 1554 1
1518 1517 1
1518 1519 1
1518 1464 1
1518 1555 1
1519 1518 1
1519 1520 1
1519 1465 1
1520 1519 1
1520 1521 1
1520 1466 1
1521 1520 1
1521 1522 1
1521 1467 1
1521 1556 1
1522 1521 1
1522 1523 1
1522 1468 1
1522 1557 1
1523 1522 1
1523 1524 1
1523 1469 1
1523 1558 1
1524 1523 1
1524 1525 1
1524 1470 1
1524 1559 1
1525 1524 1
1525 1526 1
1525 1471 1
1525 1560 1
1526 1525 1
1526 1527 1
1526 1472 1
1526 1561 1
1527 1526 1
1527 1528 1
1527 1473 1
1527 1562 1
1528 1527 1
1528 1529 1
1528 1474 1
1528 1563 1
1529 1528 1
1529 1530 1
1529 1475 1
1529 1564 1
1530 1529 1
1530 1531 1
1530 1476 1
1530 1565 1
1531 1530 1
1531 1532 1
1531 1477 1
1532 1531 1
1532 1478 1
1533 1534 1
1533 1482 1
1534 1533 1
1534 1483 1
1535 1536 1
1535 1491 1
1536 1535 1
1536 1537 1
1536 1492 1
1537 1536 1
1537 1538 1
1537 1493 1
1538 1537 1
1538 1494 1
1539 1540 1
1539 1499 1
1540 1539 1
1540 1541 1
1540 1500 1
1541 1540 1
1541 1542 1
1541 1501 1
1542 1541 1
1542 1543 1
1542 1502 1
1543 1542 1
1543 1544 1
1543 1503 1
1544 1543 1
1544 1504 1
1545 1546 1
1545 1508 1
1546 1545 1
1546 1547 1
1546 1509 1
1547 1546 1
1547 1548 1
1547 1510 1
1548 1547 1
1548 1549 1
1548 1511 1
1549 1548 1
1549 1550 1
1549 1512 1
1550 1549 1
1550 1551 1
1550 1513 1
1551 1550 1
1551 1552 1
1551 1514 1
1551 1566 1
1552 1551 1
1552 1553 1
1552 1515 1
1552 1567 1
1553 1552 1
1553 1554 1
1553 1516 1
1554 1553 1
1554 1555 1
1554 1517 1
1555 1554 1
1555 1518 1
1556 1557 1
1556 1521 1
1557 1556 1
1557 1558 1
1557 1522 1
1558 1557 1
1558 1559 1
1558 1523 1
1558 1568 1
1559 1558 1
1559 1560 1
1559 1524 1
1559 1569 1
1560 1559 1
1560 1561 1
1560 1525 1
1560 1570 1
1561 1560 1
1561 1562 1
1561 1526 1
1562 1561 1
1562 1563 1
1562 1527 1
1563 1562 1
1563 1564 1
1563 1528 1
1564 1563 1
1564 1565 1
1564 1529 1
1565 1564 1
1565 1530 1
1566 1567 1
1566 1551 1
1567 1566 1
1567 1552 1
1568 1569 1
1568 1558 1
1569 1568 1
1569 1570 1
1569 1559 1
1570 1569 1
1570 1560 1

male 5 66 66 66
dog 835 55 71 79
female 1570 78 52 46
